288
289
290
291
292
293
294
295
296
297
298
299
300
301
302
303
304
305
306
307
308
309
310
311
312
313
314
315
316
317
318
319
320
321
322
323
324
325
326
327
328
329
330
331
332
333
334
335
336
337
338
339
340
341
342
343
5
7
13
15
21
23
29
344
345
346
347
348
4
6
12
14
20
22
28
349
350
351
352
353
354
31
37
39
45
47
53
55
61
63
355
356
357
30
36
38
44
46
52
54
60
62
358
359
360
361
362
69
71
77
79
85
87
93
95
101
363
364
365
68
70
76
78
84
86
92
94
100
366
367
368
369
370
103
109
111
117
119
125
127
133
135
371
372
373
102
108
110
116
118
124
126
132
134
374
375
376
377
378
141
143
149
151
379
157
159
165
167
380
381
382
140
142
148
150
383
156
158
164
166
384
385
386
387
388
173
175
181
183
189
191
197
199
205
389
390
391
172
174
180
182
188
190
196
198
204
392
393
394
395
396
207
213
215
221
223
229
231
237
239
397
398
399
206
212
214
220
222
228
230
236
238
400
401
402
403
404
405
245
247
253
255
261
263
269
406
407
408
409
410
244
246
252
254
260
262
268
411
412
413
414
415
416
417
418
271
277
279
285
287
419
420
421
422
423
424
425
270
276
278
284
286
426
427
428
429
430
431
432
433
434
435
436
437
438
439
440
441
442
443
444
445
446
447
448
449
450
451
452
453
454
455
456
457
458
459
460
461
462
463
464
465
466
467
468
469
470
471
472
473
474
475
476
477
478
479
480
481
482
483
484
485
486
487
488
489
490
491
492
493
494
495
496
497
498
499
500
501
502
503
504
505
506
507
508
509
510
511
0
2
8
10
16
18
24
512
513
514
515
516
1
3
9
11
17
19
25
517
518
519
520
521
522
26
32
34
40
42
48
50
56
58
523
524
525
27
33
35
41
43
49
51
57
59
526
527
528
529
530
64
66
72
74
80
82
88
90
96
531
532
533
65
67
73
75
81
83
89
91
97
534
535
536
537
538
98
104
106
112
114
120
122
128
130
539
540
541
99
105
107
113
115
121
123
129
131
542
543
544
545
546
136
138
144
146
547
152
154
160
162
548
549
550
137
139
145
147
551
153
155
161
163
552
553
554
555
556
168
170
176
178
184
186
192
194
200
557
558
559
169
171
177
179
185
187
193
195
201
560
561
562
563
564
202
208
210
216
218
224
226
232
234
565
566
567
203
209
211
217
219
225
227
233
235
568
569
570
571
572
573
240
242
248
250
256
258
264
574
575
576
577
578
241
243
249
251
257
259
265
579
580
581
582
583
584
585
586
266
272
274
280
282
587
588
589
590
591
592
593
267
273
275
281
283
594
595
596
597
598
599
600
601
602
603
604
605
606
607
608
609
610
611
612
613
614
615
616
617
618
619
620
621
622
623
624
625
626
627
628
629
630
631
632
633
634
635
636
637
638
639
640
641
642
643
644
645
646
647
648
649
650
651
652
653
654
655
656
657
658
659
660
661
662
663
664
665
666
667
668
669
670
671
672
673
674
675
