248
249
250
251
252
253
254
255
256
257
258
259
260
261
262
263
264
265
266
267
268
269
270
271
272
273
274
275
276
277
5
7
13
15
21
278
279
280
281
282
283
284
4
6
12
14
20
285
286
287
288
289
290
291
292
23
29
31
37
39
45
47
293
294
295
296
297
22
28
30
36
38
44
46
298
299
300
301
302
303
53
55
61
63
69
71
77
79
304
305
306
307
52
54
60
62
68
70
76
78
308
309
310
311
312
313
85
87
93
314
315
95
101
103
109
316
317
318
84
86
92
319
320
94
100
102
108
321
322
323
324
325
111
117
119
326
327
125
127
133
135
328
329
330
110
116
118
331
332
124
126
132
134
333
334
335
336
337
141
143
149
151
157
159
165
167
173
338
339
340
140
142
148
150
156
158
164
166
172
341
342
343
344
345
175
181
183
189
191
197
199
205
346
347
348
349
174
180
182
188
190
196
198
204
350
351
352
353
354
355
356
207
213
215
221
223
229
231
357
358
359
360
361
206
212
214
220
222
228
230
362
363
364
365
366
367
368
369
237
239
245
247
370
371
372
373
374
375
376
377
236
238
244
246
378
379
380
381
382
383
384
385
386
387
388
389
390
391
392
393
394
395
396
397
398
399
400
401
402
403
404
405
406
407
408
409
410
411
412
413
414
415
416
417
418
419
420
421
422
423
424
425
426
427
428
429
430
431
432
433
434
435
436
437
438
439
440
441
442
443
444
445
446
447
448
449
450
451
452
453
454
455
456
457
458
459
460
461
462
463
464
465
0
2
8
10
16
466
467
468
469
470
471
472
1
3
9
11
17
473
474
475
476
477
478
479
480
18
24
26
32
34
40
42
481
482
483
484
485
19
25
27
33
35
41
43
486
487
488
489
490
491
48
50
56
58
64
66
72
74
492
493
494
495
49
51
57
59
65
67
73
75
496
497
498
499
500
501
80
82
88
502
503
90
96
98
104
504
505
506
81
83
89
507
508
91
97
99
105
509
510
511
512
513
106
112
114
514
515
120
122
128
130
516
517
518
107
113
115
519
520
121
123
129
131
521
522
523
524
525
136
138
144
146
152
154
160
162
168
526
527
528
137
139
145
147
153
155
161
163
169
529
530
531
532
533
170
176
178
184
186
192
194
200
534
535
536
537
171
177
179
185
187
193
195
201
538
539
540
541
542
543
544
202
208
210
216
218
224
226
545
546
547
548
549
203
209
211
217
219
225
227
550
551
552
553
554
555
556
557
232
234
240
242
558
559
560
561
562
563
564
565
233
235
241
243
566
567
568
569
570
571
572
573
574
575
576
577
578
579
580
581
582
583
584
585
586
587
588
589
590
591
592
593
594
595
596
597
598
599
600
601
602
603
604
605
606
607
608
609
610
611
612
613
614
615
616
617
618
619
620
621
622
623
624
625
626
627
628
629
630
631
632
633
634
635
636
637
638
639
640
641
642
643
644
645
646
647
648
649
650
651
652
653
654
655
656
657
658
659
660
661
662
663
664
665
666
667
668
669
670
671
672
673
674
675
