342
343
344
345
346
367
368
369
370
371
372
373
392
393
394
395
396
397
398
399
418
419
420
423
424
425
426
444
445
446
449
450
451
452
470
471
472
473
474
475
476
477
478
496
497
498
499
500
501
502
503
523
524
525
526
527
528
529
550
551
552
553
354
355
356
357
358
379
380
381
382
383
384
385
404
405
406
407
408
409
410
411
430
431
432
435
436
437
438
456
457
458
461
462
463
464
482
483
484
485
486
487
488
489
490
508
509
510
511
512
513
514
515
535
536
537
538
539
540
541
562
563
564
565
42
43
44
45
46
67
68
69
70
71
72
73
92
93
94
95
96
97
98
99
118
119
120
123
124
125
126
144
145
146
149
150
151
152
170
171
172
173
174
175
176
177
178
196
197
198
199
200
201
202
203
223
224
225
226
227
228
229
250
251
252
253
30
31
32
33
34
55
56
57
58
59
60
61
80
81
82
83
84
85
86
87
106
107
108
111
112
113
114
132
133
134
137
138
139
140
158
159
160
161
162
163
164
165
166
184
185
186
187
188
189
190
191
211
212
213
214
215
216
217
238
239
240
241
