;;+& 20110101_010101 &-;;
float         672
  6.3493921E-05
  6.3141662E-05
  6.3078071E-05
  6.3649328E-05
  6.5206354E-05
  6.7919733E-05
  6.8148525E-05
  6.7182758E-05
  6.4797867E-05
  6.5370681E-05
  6.5745582E-05
  6.5254186E-05
  6.6653323E-05
  6.6318149E-05
  6.6038905E-05
  6.6906970E-05
  6.4735403E-05
  6.4433269E-05
  6.2447587E-05
  6.6401983E-05
  6.7356174E-05
  6.6167355E-05
  6.6311477E-05
  6.5762179E-05
  6.5274020E-05
  6.6427470E-05
  6.6307228E-05
  6.7652749E-05
  6.5462373E-05
  6.2563959E-05
  6.1976076E-05
  6.7066838E-05
  6.4883803E-05
  6.3171035E-05
  6.5064756E-05
  6.5937420E-05
  6.6250723E-05
  6.7183013E-05
  6.6692955E-05
  6.9318994E-05
  6.5350425E-05
  6.5022716E-05
  6.4029562E-05
  6.5224078E-05
  6.5549131E-05
  6.4874315E-05
  6.4683853E-05
  6.5072905E-05
  6.4622836E-05
  6.5139320E-05
  6.4867745E-05
  5.8647103E-05
  6.4142580E-05
  6.4246480E-05
  6.3639760E-05
  6.5158230E-05
  6.4647153E-05
  6.4534135E-05
  6.5333894E-05
  6.5278575E-05
  6.3964057E-05
  6.3795684E-05
  6.5276094E-05
  6.4582237E-05
  6.4471024E-05
  6.5176893E-05
  6.4991254E-05
  6.8936337E-05
  6.5888395E-05
  6.6078675E-05
  6.4582950E-05
  6.2696294E-05
  6.5066502E-05
  6.4560794E-05
  6.4119384E-05
  6.3670348E-05
  6.4227032E-05
  6.4777931E-05
  6.3779647E-05
  6.5452470E-05
  6.5076696E-05
  6.4777931E-05
  6.4229687E-05
  6.4471293E-05
  6.4904343E-05
  6.4588749E-05
  6.4870015E-05
  6.4473141E-05
  6.3812302E-05
  6.5477427E-05
  6.5465829E-05
  6.4883803E-05
  6.4723863E-05
  6.5635002E-05
  6.4362823E-05
  6.6422741E-05
  6.5416258E-05
  6.4356427E-05
  6.4250671E-05
  6.3366453E-05
  6.4188367E-05
  6.4663793E-05
  6.4466280E-05
  6.3394364E-05
  6.2845080E-05
  6.4246473E-05
  6.4634653E-05
  6.4850210E-05
  6.4978056E-05
  6.3791485E-05
  6.5200926E-05
  6.4161373E-05
  6.6216497E-05
  6.4883803E-05
  6.6135333E-05
  6.3998203E-05
  6.7989233E-05
  6.4883803E-05
  6.4883803E-05
  6.5807893E-05
  6.6095425E-05
  6.5669592E-05
  6.4640313E-05
  6.4160406E-05
  6.6562090E-05
  6.6205888E-05
  6.6160203E-05
  6.5536929E-05
  6.5253167E-05
  6.5863103E-05
  6.5782653E-05
  6.4883803E-05
  6.4883803E-05
  6.4883803E-05
  6.4883803E-05
  6.4883803E-05
  6.5504006E-05
  6.4705455E-05
  6.5468157E-05
  6.5957429E-05
  6.6513545E-05
  6.4302563E-05
  6.5566885E-05
  6.4883803E-05
  6.6956556E-05
  6.5915410E-05
  6.4282096E-05
  6.4883803E-05
  6.9075541E-05
  6.8293652E-05
  6.6955312E-05
  6.6040004E-05
  6.4521671E-05
  6.4494474E-05
  6.4355307E-05
  6.4560889E-05
  6.5055501E-05
  6.4596657E-05
  6.5723609E-05
  6.4883803E-05
  6.5100139E-05
  6.4888867E-05
  5.4626962E-05
  6.4112653E-05
  6.5180684E-05
  6.5108128E-05
  6.4585576E-05
  6.4865373E-05
  6.4266555E-05
  6.3810774E-05
  6.5148794E-05
  6.4345470E-05
  6.3611893E-05
  6.3053558E-05
  6.4874410E-05
  6.5141205E-05
  6.3214546E-05
  6.5313980E-05
  6.5844608E-05
  6.5210537E-05
  6.5895620E-05
  6.5626242E-05
  6.4366453E-05
  6.4883803E-05
  6.5433247E-05
  6.5453954E-05
  6.5216736E-05
  6.5835098E-05
  6.4059495E-05
  6.4375490E-05
  6.3433938E-05
  6.4685621E-05
  6.5059830E-05
  6.4349231E-05
  6.5409178E-05
  6.4095359E-05
  6.4659835E-05
  6.5434346E-05
  6.5331682E-05
  6.5314634E-05
  6.3872154E-05
  6.5454195E-05
  6.6448330E-05
  6.5366279E-05
  6.6079796E-05
  6.6172368E-05
  6.5534092E-05
  6.5236571E-05
  6.5185261E-05
  6.4384629E-05
  6.4192223E-05
  6.4090753E-05
  6.3861873E-05
  6.4874512E-05
  6.3832478E-05
  6.3796724E-05
  6.4260472E-05
  6.3187465E-05
  6.4594416E-05
  6.4572421E-05
  6.4590145E-05
  6.4366403E-05
  6.5118300E-05
  6.4866297E-05
  6.4883803E-05
  6.3867396E-05
  6.3163207E-05
  6.3489199E-05
  6.5067354E-05
  6.5807864E-05
  6.6199529E-05
  6.6155713E-05
  6.3659150E-05
  6.4891196E-05
  6.4182655E-05
  6.4101987E-05
  6.4886815E-05
  6.5124907E-05
  6.5563290E-05
  6.4659180E-05
  6.5891880E-05
  6.5743967E-05
  6.5606677E-05
  6.7087254E-05
  6.6199478E-05
  6.7363937E-05
  5.8650290E-05
  6.6900488E-05
  6.4455271E-05
  6.4910026E-05
  6.6310567E-05
  6.5831802E-05
  6.5548636E-05
  6.4958302E-05
  6.4883803E-05
  6.5857224E-05
  6.4984495E-05
  6.5039574E-05
  6.4180451E-05
  6.4437976E-05
  6.5801760E-05
  6.5571985E-05
  6.5912791E-05
  6.6873283E-05
  6.5526176E-05
  6.4872205E-05
  6.4235683E-05
  6.4652479E-05
  6.5574422E-05
  6.5337168E-05
  6.5448745E-05
  6.5230481E-05
  6.6623463E-05
  6.6357396E-05
  6.5461856E-05
  6.6519169E-05
  6.4977117E-05
  6.3988991E-05
  6.3085135E-05
  6.2127227E-05
  6.3943859E-05
  6.5150030E-05
  6.3929423E-05
  6.3246800E-05
  6.4345280E-05
  6.4883803E-05
  6.5216576E-05
  6.6484106E-05
  6.4243381E-05
  6.5878376E-05
  6.5466120E-05
  6.5022592E-05
  6.5190150E-05
  6.6157518E-05
  6.6327848E-05
  6.2855237E-05
  6.4950007E-05
  6.4741085E-05
  6.5523956E-05
  6.5235618E-05
  6.4377848E-05
  6.3682513E-05
  6.4435568E-05
  6.6135857E-05
  6.5421817E-05
  6.6089124E-05
  6.4743748E-05
  6.5411805E-05
  6.4883803E-05
  6.4407257E-05
  6.4833417E-05
  6.5482905E-05
  6.4610802E-05
  6.4938700E-05
  6.5058906E-05
  6.5315995E-05
  6.5259170E-05
  6.6585024E-05
  6.5055639E-05
  6.3873536E-05
  6.4487271E-05
  6.4454020E-05
  6.4600885E-05
  6.4219355E-05
  6.5387663E-05
  6.4304382E-05
  6.4084248E-05
  6.4155975E-05
  6.2454892E-05
  6.4731903E-05
  6.4822721E-05
  6.5066473E-05
  6.7073604E-05
  6.6074768E-05
  6.3776723E-05
  6.5943823E-05
  6.5123808E-05
  6.4547690E-05
  6.4366461E-05
  6.3803542E-05
  6.5787943E-05
  6.6141045E-05
  6.6509325E-05
  6.6457702E-05
  6.5125052E-05
  6.4663494E-05
  6.5672335E-05
  6.3903186E-05
  6.3843181E-05
  6.4819105E-05
  6.4726817E-05
  6.5883185E-05
  6.5827968E-05
  6.5376335E-05
  6.4053311E-05
  6.6008310E-05
  6.5792847E-05
  6.6237219E-05
  6.6158551E-05
  6.6198700E-05
  6.3096828E-05
  6.4933614E-05
  6.5735876E-05
  6.4231281E-05
  6.4883803E-05
  6.4933884E-05
  6.4208725E-05
  6.5930129E-05
  6.4558742E-05
  6.5460379E-05
  6.4650834E-05
  6.5633918E-05
  6.5408894E-05
  6.5427172E-05
  6.5550645E-05
  6.5327040E-05
  6.4058579E-05
  6.4602042E-05
  6.5249726E-05
  6.5151464E-05
  6.5298649E-05
  6.4770487E-05
  6.4642423E-05
  6.5097585E-05
  6.4996995E-05
  6.4055974E-05
  6.3392428E-05
  6.4253443E-05
  6.4653534E-05
  6.5252614E-05
  6.4967411E-05
  6.4632986E-05
  6.3008440E-05
  6.3769934E-05
  6.4844156E-05
  6.3945576E-05
  6.3845546E-05
  6.3381398E-05
  6.4918946E-05
  6.4971275E-05
  6.4538552E-05
  6.3625826E-05
  6.5644206E-05
  6.5448854E-05
  6.4547123E-05
  6.5828623E-05
  6.5344728E-05
  6.2838219E-05
  6.5854350E-05
  6.5938038E-05
  6.6171393E-05
  6.5844011E-05
  6.5043307E-05
  6.6299726E-05
  6.5948952E-05
  6.5794593E-05
  6.5315195E-05
  6.5896136E-05
  6.5030908E-05
  6.5031330E-05
  6.4368884E-05
  6.5191154E-05
  6.4688451E-05
  6.6016000E-05
  6.4001484E-05
  6.4460190E-05
  6.5684704E-05
  6.5608474E-05
  6.4779037E-05
  6.4004169E-05
  6.6385510E-05
  6.5909597E-05
  6.5875684E-05
  6.3011394E-05
  6.3848594E-05
  6.5387991E-05
  6.4454973E-05
  6.4254062E-05
  6.4258340E-05
  6.4291686E-05
  6.2228690E-05
  6.2838386E-05
  6.4731030E-05
  6.5979919E-05
  6.4873340E-05
  6.4693610E-05
  6.5775901E-05
  6.6115703E-05
  6.4721731E-05
  6.4588297E-05
  6.3628489E-05
  6.3817701E-05
  6.5554770E-05
  6.6998495E-05
  6.6742956E-05
  6.6997920E-05
  6.4409258E-05
  6.3671207E-05
  6.4408661E-05
  6.4393105E-05
  6.5014719E-05
  6.5302534E-05
  6.4455198E-05
  6.5715794E-05
  6.5018336E-05
  6.4105494E-05
  6.3678199E-05
  6.6642933E-05
  6.5439424E-05
  6.6457680E-05
  6.6009867E-05
  6.5967281E-05
  6.3088693E-05
  6.5118977E-05
  6.4723492E-05
  6.4902415E-05
  6.3619627E-05
  6.4139647E-05
  6.4523752E-05
  6.6870271E-05
  6.4847591E-05
  6.5381544E-05
  6.4169595E-05
  6.5299711E-05
  6.7454777E-05
  6.6241206E-05
  6.8063622E-05
  6.6037595E-05
  6.5072258E-05
  6.5063679E-05
  6.4587184E-05
  6.4013992E-05
  6.3571119E-05
  6.4810971E-05
  6.4415151E-05
  6.4436230E-05
  6.6244051E-05
  6.4669228E-05
  6.5527383E-05
  6.5463355E-05
  6.4619853E-05
  6.4391861E-05
  6.4028762E-05
  6.4261541E-05
  6.4852909E-05
  6.4375599E-05
  6.4609289E-05
  6.4321153E-05
  6.3842919E-05
  6.4622822E-05
  6.4799606E-05
  6.4221422E-05
  6.4620828E-05
  6.5668726E-05
  6.5745648E-05
  6.5550441E-05
  6.6068787E-05
  6.5043037E-05
  6.6121313E-05
  6.2999876E-05
  6.5910965E-05
  6.5974593E-05
  6.6084380E-05
  6.5246939E-05
  6.4813677E-05
  6.6181929E-05
  6.5516142E-05
  6.4505264E-05
  6.5696026E-05
  6.5869724E-05
  6.5667780E-05
  6.5474109E-05
  6.5206150E-05
  6.4643631E-05
  6.4375374E-05
  6.4766406E-05
  6.4408508E-05
  6.4458225E-05
  6.5444474E-05
  6.5684675E-05
  6.4883803E-05
  6.5769942E-05
  6.5457301E-05
  6.5742737E-05
  6.4279266E-05
  6.4028922E-05
  6.3987842E-05
  6.4895823E-05
  6.3986350E-05
  6.5456814E-05
  6.2455387E-05
  6.2473780E-05
  6.3554224E-05
  6.4480490E-05
  6.2877043E-05
  6.4877371E-05
  6.6028508E-05
  6.5230903E-05
  6.4023116E-05
  6.4790394E-05
  6.2891086E-05
  6.8806694E-05
  6.2765386E-05
  6.2263462E-05
  6.6922978E-05
  6.7786947E-05
  6.8114809E-05
  6.6858382E-05
  6.4073960E-05
  6.5285727E-05
  6.3641492E-05
  6.4184904E-05
  6.5901761E-05
  6.5797649E-05
  6.5353277E-05
  6.4886022E-05
  6.2868334E-05
  6.2746614E-05
  6.3883010E-05
  6.6088258E-05
  6.7645189E-05
  6.6926237E-05
  6.9182373E-05
  6.7408095E-05
  6.4655716E-05
  6.4557491E-05
  6.7123983E-05
  6.5799359E-05
  6.7212459E-05
  6.2945153E-05
  6.2641673E-05
  6.7301218E-05
  6.6205292E-05
  6.5369328E-05
  6.2351908E-05
  6.5741748E-05
  6.6119159E-05
  6.6233813E-05
  6.6591943E-05
  6.6977205E-05
  6.4099440E-05
  6.5215099E-05
  6.4945809E-05
  6.5270455E-05
  6.6163935E-05
  6.6011482E-05
  6.2904619E-05
  6.1832223E-05
  6.5313856E-05
  6.3978834E-05
  6.4347638E-05
  6.5326298E-05
  6.4589847E-05
  6.4715430E-05
  6.4612432E-05
  6.5204520E-05
  6.4950284E-05
  6.4865897E-05
  6.5406224E-05
  6.4611027E-05
  6.3775544E-05
  6.4276079E-05
  6.4997606E-05
  6.4252490E-05
  6.2964784E-05
  6.4656560E-05
  6.5912667E-05
  6.5524277E-05
  6.6470508E-05
  6.6001900E-05
  6.3851272E-05
  6.3306703E-05
  6.5848239E-05
  6.3917127E-05
  6.4605309E-05
  6.5199674E-05
  6.4602369E-05
  6.3162173E-05
  6.4729036E-05
  6.3659667E-05
  6.5382061E-05
  6.5016437E-05
  6.5967797E-05
  6.3806670E-05
  6.4737280E-05
  6.4476641E-05
  6.4693340E-05
  6.5801272E-05
  6.4944405E-05
  6.5084481E-05
  6.5329004E-05
  6.5296277E-05
  6.5028238E-05
  6.6065782E-05
  6.5687316E-05
  6.3872947E-05
  6.4435546E-05
  6.3711559E-05
  6.3927779E-05
  6.5862718E-05
  6.4193344E-05
  6.6479573E-05
  6.5417888E-05
  6.5270273E-05
  6.2713028E-05
  6.2583094E-05
  6.3355445E-05
  6.4588683E-05
  6.4754138E-05
  6.3671185E-05
  6.5055516E-05
  6.5343658E-05
