712
713
714
715
716
717
718
719
720
721
722
723
724
725
726
727
728
729
730
731
732
733
734
735
736
737
738
739
740
741
742
743
744
745
746
747
748
749
750
751
752
753
754
755
756
757
758
759
760
761
762
763
764
765
766
767
768
769
770
771
772
773
774
775
776
777
778
779
780
781
782
783
784
785
786
787
788
789
790
791
792
793
794
795
796
797
798
799
800
801
802
803
804
805
806
807
808
809
810
811
812
813
814
815
816
817
818
819
820
821
822
823
824
825
826
827
828
829
830
831
832
833
834
835
836
837
838
839
5
7
13
15
21
23
29
840
841
842
843
844
845
846
847
848
849
850
4
6
12
14
20
22
28
851
852
853
854
855
856
857
858
859
860
861
862
863
864
31
37
39
45
47
53
55
61
63
69
865
866
867
868
869
870
871
872
30
36
38
44
46
52
54
60
62
68
873
874
875
876
877
878
879
880
881
882
883
71
77
79
85
87
93
95
101
103
109
111
117
884
885
886
887
888
889
70
76
78
84
86
92
94
100
102
108
110
116
890
891
892
893
894
895
896
897
898
119
125
127
133
135
141
143
149
151
157
159
165
167
899
900
901
902
903
118
124
126
132
134
140
142
148
150
156
158
164
166
904
905
906
907
908
909
910
911
912
173
175
181
183
189
191
197
199
205
207
213
215
221
223
913
914
915
916
172
174
180
182
188
190
196
198
204
206
212
214
220
222
917
918
919
920
921
922
923
229
231
237
239
245
247
253
255
261
263
269
271
277
279
285
924
925
926
228
230
236
238
244
246
252
254
260
262
268
270
276
278
284
927
928
929
930
931
932
933
287
293
295
301
303
309
311
317
319
325
327
333
335
341
343
934
935
936
286
292
294
300
302
308
310
316
318
324
326
332
334
340
342
937
938
939
940
941
942
943
349
351
357
359
365
367
373
944
375
381
383
389
391
397
399
945
946
947
348
350
356
358
364
366
372
948
374
380
382
388
390
396
398
949
950
951
952
953
954
955
405
407
413
415
421
423
429
431
437
439
445
447
453
455
461
956
957
958
404
406
412
414
420
422
428
430
436
438
444
446
452
454
460
959
960
961
962
963
964
965
966
463
469
471
477
479
485
487
493
495
501
503
509
511
517
967
968
969
970
462
468
470
476
478
484
486
492
494
500
502
508
510
516
971
972
973
974
975
976
977
978
519
525
527
533
535
541
543
549
551
557
559
565
567
573
979
980
981
982
518
524
526
532
534
540
542
548
550
556
558
564
566
572
983
984
985
986
987
988
989
990
991
575
581
583
589
591
597
599
605
607
613
615
621
992
993
994
995
996
997
574
580
582
588
590
596
598
604
606
612
614
620
998
999
1000
1001
1002
1003
1004
1005
1006
1007
1008
623
629
631
637
639
645
647
653
655
661
1009
1010
1011
1012
1013
1014
1015
1016
622
628
630
636
638
644
646
652
654
660
1017
1018
1019
1020
1021
1022
1023
1024
1025
1026
1027
1028
1029
663
669
671
677
679
685
687
693
1030
1031
1032
1033
1034
1035
1036
1037
1038
1039
662
668
670
676
678
684
686
692
1040
1041
1042
1043
1044
1045
1046
1047
1048
1049
1050
1051
1052
1053
1054
1055
695
701
703
709
711
1056
1057
1058
1059
1060
1061
1062
1063
1064
1065
1066
1067
1068
694
700
702
708
710
1069
1070
1071
1072
1073
1074
1075
1076
1077
1078
1079
1080
1081
1082
1083
1084
1085
1086
1087
1088
1089
1090
1091
1092
1093
1094
1095
1096
1097
1098
1099
1100
1101
1102
1103
1104
1105
1106
1107
1108
1109
1110
1111
1112
1113
1114
1115
1116
1117
1118
1119
1120
1121
1122
1123
1124
1125
1126
1127
1128
1129
1130
1131
1132
1133
1134
1135
1136
1137
1138
1139
1140
1141
1142
1143
1144
1145
1146
1147
1148
1149
1150
1151
1152
1153
1154
1155
1156
1157
1158
1159
1160
1161
1162
1163
1164
1165
1166
1167
1168
1169
1170
1171
1172
1173
1174
1175
1176
1177
1178
1179
1180
1181
1182
1183
1184
1185
1186
1187
1188
1189
1190
1191
1192
1193
1194
1195
1196
1197
1198
1199
1200
1201
1202
1203
0
2
8
10
16
18
24
1204
1205
1206
1207
1208
1209
1210
1211
1212
1213
1214
1
3
9
11
17
19
25
1215
1216
1217
1218
1219
1220
1221
1222
1223
1224
1225
1226
1227
1228
26
32
34
40
42
48
50
56
58
64
1229
1230
1231
1232
1233
1234
1235
1236
27
33
35
41
43
49
51
57
59
65
1237
1238
1239
1240
1241
1242
1243
1244
1245
1246
1247
66
72
74
80
82
88
90
96
98
104
106
112
1248
1249
1250
1251
1252
1253
67
73
75
81
83
89
91
97
99
105
107
113
1254
1255
1256
1257
1258
1259
1260
1261
1262
114
120
122
128
130
136
138
144
146
152
154
160
162
1263
1264
1265
1266
1267
115
121
123
129
131
137
139
145
147
153
155
161
163
1268
1269
1270
1271
1272
1273
1274
1275
1276
168
170
176
178
184
186
192
194
200
202
208
210
216
218
1277
1278
1279
1280
169
171
177
179
185
187
193
195
201
203
209
211
217
219
1281
1282
1283
1284
1285
1286
1287
224
226
232
234
240
242
248
250
256
258
264
266
272
274
280
1288
1289
1290
225
227
233
235
241
243
249
251
257
259
265
267
273
275
281
1291
1292
1293
1294
1295
1296
1297
282
288
290
296
298
304
306
312
314
320
322
328
330
336
338
1298
1299
1300
283
289
291
297
299
305
307
313
315
321
323
329
331
337
339
1301
1302
1303
1304
1305
1306
1307
344
346
352
354
360
362
368
1308
370
376
378
384
386
392
394
1309
1310
1311
345
347
353
355
361
363
369
1312
371
377
379
385
387
393
395
1313
1314
1315
1316
1317
1318
1319
400
402
408
410
416
418
424
426
432
434
440
442
448
450
456
1320
1321
1322
401
403
409
411
417
419
425
427
433
435
441
443
449
451
457
1323
1324
1325
1326
1327
1328
1329
1330
458
464
466
472
474
480
482
488
490
496
498
504
506
512
1331
1332
1333
1334
459
465
467
473
475
481
483
489
491
497
499
505
507
513
1335
1336
1337
1338
1339
1340
1341
1342
514
520
522
528
530
536
538
544
546
552
554
560
562
568
1343
1344
1345
1346
515
521
523
529
531
537
539
545
547
553
555
561
563
569
1347
1348
1349
1350
1351
1352
1353
1354
1355
570
576
578
584
586
592
594
600
602
608
610
616
1356
1357
1358
1359
1360
1361
571
577
579
585
587
593
595
601
603
609
611
617
1362
1363
1364
1365
1366
1367
1368
1369
1370
1371
1372
618
624
626
632
634
640
642
648
650
656
1373
1374
1375
1376
1377
1378
1379
1380
619
625
627
633
635
641
643
649
651
657
1381
1382
1383
1384
1385
1386
1387
1388
1389
1390
1391
1392
1393
658
664
666
672
674
680
682
688
1394
1395
1396
1397
1398
1399
1400
1401
1402
1403
659
665
667
673
675
681
683
689
1404
1405
1406
1407
1408
1409
1410
1411
1412
1413
1414
1415
1416
1417
1418
1419
690
696
698
704
706
1420
1421
1422
1423
1424
1425
1426
1427
1428
1429
1430
1431
1432
691
697
699
705
707
1433
1434
1435
1436
1437
1438
1439
1440
1441
1442
1443
1444
1445
1446
1447
1448
1449
1450
1451
1452
1453
1454
1455
1456
1457
1458
1459
1460
1461
1462
1463
1464
1465
1466
1467
1468
1469
1470
1471
1472
1473
1474
1475
1476
1477
1478
1479
1480
1481
1482
1483
1484
1485
1486
1487
1488
1489
1490
1491
1492
1493
1494
1495
1496
1497
1498
1499
1500
1501
1502
1503
1504
1505
1506
1507
1508
1509
1510
1511
1512
1513
1514
1515
1516
1517
1518
1519
1520
1521
1522
1523
1524
1525
1526
1527
1528
1529
1530
1531
1532
1533
1534
1535
1536
1537
1538
1539
1540
1541
1542
1543
1544
1545
1546
1547
1548
1549
1550
1551
1552
1553
1554
1555
1556
1557
1558
1559
1560
1561
1562
1563
1564
1565
1566
1567
1568
1569
1570
1571
1572
1573
1574
1575
1576
1577
1578
1579
1580
1581
1582
1583
1584
1585
1586
1587
1588
1589
1590
1591
1592
1593
1594
1595
1596
1597
1598
1599
