352
353
354
355
356
357
358
359
360
361
362
363
364
365
366
367
368
369
370
371
372
373
374
375
376
377
378
379
380
381
382
383
5
7
13
384
385
386
387
388
389
390
391
392
4
6
12
393
394
395
396
397
398
399
400
401
15
21
23
29
31
37
39
402
403
404
405
406
14
20
22
28
30
36
38
407
408
409
410
411
412
45
47
53
55
61
63
69
71
77
413
414
415
44
46
52
54
60
62
68
70
76
416
417
418
419
420
79
85
87
93
95
101
103
109
111
421
422
423
78
84
86
92
94
100
102
108
110
424
425
426
427
117
119
125
127
133
135
141
143
149
151
157
428
116
118
124
126
132
134
140
142
148
150
156
429
430
431
159
165
167
173
175
181
183
189
191
197
199
432
158
164
166
172
174
180
182
188
190
196
198
433
434
435
205
207
213
215
221
223
229
231
237
239
245
436
204
206
212
214
220
222
228
230
236
238
244
437
438
439
440
247
253
255
261
263
269
271
277
279
441
442
443
246
252
254
260
262
268
270
276
278
444
445
446
447
448
285
287
293
295
301
303
309
311
317
449
450
451
284
286
292
294
300
302
308
310
316
452
453
454
455
456
457
319
325
327
333
335
341
343
458
459
460
461
462
318
324
326
332
334
340
342
463
464
465
466
467
468
469
470
471
349
351
357
472
473
474
475
476
477
478
479
480
348
350
356
481
482
483
484
485
486
487
488
489
490
491
492
493
494
495
496
497
498
499
500
501
502
503
504
505
506
507
508
509
510
511
512
513
514
515
516
517
0
2
8
518
519
520
521
522
523
524
525
526
1
3
9
527
528
529
530
531
532
533
534
535
10
16
18
24
26
32
34
536
537
538
539
540
11
17
19
25
27
33
35
541
542
543
544
545
546
40
42
48
50
56
58
64
66
72
547
548
549
41
43
49
51
57
59
65
67
73
550
551
552
553
554
74
80
82
88
90
96
98
104
106
555
556
557
75
81
83
89
91
97
99
105
107
558
559
560
561
112
114
120
122
128
130
136
138
144
146
152
562
113
115
121
123
129
131
137
139
145
147
153
563
564
565
154
160
162
168
170
176
178
184
186
192
194
566
155
161
163
169
171
177
179
185
187
193
195
567
568
569
200
202
208
210
216
218
224
226
232
234
240
570
201
203
209
211
217
219
225
227
233
235
241
571
572
573
574
242
248
250
256
258
264
266
272
274
575
576
577
243
249
251
257
259
265
267
273
275
578
579
580
581
582
280
282
288
290
296
298
304
306
312
583
584
585
281
283
289
291
297
299
305
307
313
586
587
588
589
590
591
314
320
322
328
330
336
338
592
593
594
595
596
315
321
323
329
331
337
339
597
598
599
600
601
602
603
604
605
344
346
352
606
607
608
609
610
611
612
613
614
345
347
353
615
616
617
618
619
620
621
622
623
624
625
626
627
628
629
630
631
632
633
634
635
636
637
638
639
640
641
642
643
644
645
646
647
648
649
650
651
652
653
654
655
656
657
658
659
660
661
662
663
664
665
666
667
668
669
670
671
