344
345
346
368
369
370
371
372
373
374
393
394
395
396
397
398
399
400
401
419
420
421
422
423
424
425
426
427
444
445
446
447
448
449
450
451
452
453
454
470
471
472
473
474
475
476
477
478
479
480
496
497
498
499
500
501
502
503
504
505
506
523
524
525
526
527
528
529
530
531
549
550
551
552
553
554
555
556
557
576
577
578
579
580
581
582
604
605
606
356
357
358
380
381
382
383
384
385
386
405
406
407
408
409
410
411
412
413
431
432
433
434
435
436
437
438
439
456
457
458
459
460
461
462
463
464
465
466
482
483
484
485
486
487
488
489
490
491
492
508
509
510
511
512
513
514
515
516
517
518
535
536
537
538
539
540
541
542
543
561
562
563
564
565
566
567
568
569
588
589
590
591
592
593
594
616
617
618
44
45
46
68
69
70
71
72
73
74
93
94
95
96
97
98
99
100
101
119
120
121
122
123
124
125
126
127
144
145
146
147
148
149
150
151
152
153
154
170
171
172
173
174
175
176
177
178
179
180
196
197
198
199
200
201
202
203
204
205
206
223
224
225
226
227
228
229
230
231
249
250
251
252
253
254
255
256
257
276
277
278
279
280
281
282
304
305
306
32
33
34
56
57
58
59
60
61
62
81
82
83
84
85
86
87
88
89
107
108
109
110
111
112
113
114
115
132
133
134
135
136
137
138
139
140
141
142
158
159
160
161
162
163
164
165
166
167
168
184
185
186
187
188
189
190
191
192
193
194
211
212
213
214
215
216
217
218
219
237
238
239
240
241
242
243
244
245
264
265
266
267
268
269
270
292
293
294
