248
249
250
251
252
253
254
255
256
257
258
259
260
261
262
263
264
265
266
267
268
269
270
271
272
273
274
275
276
277
278
279
280
281
282
283
284
285
286
287
288
289
290
291
292
293
294
295
296
297
298
299
300
301
302
303
304
5
7
13
15
21
305
306
307
308
309
310
311
4
6
12
14
20
312
313
314
315
316
317
318
319
23
29
31
37
39
45
47
320
321
322
323
324
22
28
30
36
38
44
46
325
326
327
328
329
330
53
55
61
63
69
71
77
79
331
332
333
334
52
54
60
62
68
70
76
78
335
336
337
338
339
340
85
87
93
341
342
95
101
103
109
343
344
345
84
86
92
346
347
94
100
102
108
348
349
350
351
352
111
117
119
353
354
125
127
133
135
355
356
357
110
116
118
358
359
124
126
132
134
360
361
362
363
364
141
143
149
151
157
159
165
167
173
365
366
367
140
142
148
150
156
158
164
166
172
368
369
370
371
372
175
181
183
189
191
197
199
205
373
374
375
376
174
180
182
188
190
196
198
204
377
378
379
380
381
382
383
207
213
215
221
223
229
231
384
385
386
387
388
206
212
214
220
222
228
230
389
390
391
392
393
394
395
396
237
239
245
247
397
398
399
400
401
402
403
404
236
238
244
246
405
406
407
408
409
410
411
412
413
414
415
416
417
418
419
420
421
422
423
424
425
426
427
428
429
430
431
432
433
434
435
436
437
438
439
440
441
442
443
444
445
446
447
448
449
450
451
452
453
454
455
456
457
458
459
460
461
462
463
464
465
466
467
468
469
470
471
472
473
474
475
476
477
478
479
480
481
482
483
484
485
486
487
488
489
490
491
492
0
2
8
10
16
493
494
495
496
497
498
499
1
3
9
11
17
500
501
502
503
504
505
506
507
18
24
26
32
34
40
42
508
509
510
511
512
19
25
27
33
35
41
43
513
514
515
516
517
518
48
50
56
58
64
66
72
74
519
520
521
522
49
51
57
59
65
67
73
75
523
524
525
526
527
528
80
82
88
529
530
90
96
98
104
531
532
533
81
83
89
534
535
91
97
99
105
536
537
538
539
540
106
112
114
541
542
120
122
128
130
543
544
545
107
113
115
546
547
121
123
129
131
548
549
550
551
552
136
138
144
146
152
154
160
162
168
553
554
555
137
139
145
147
153
155
161
163
169
556
557
558
559
560
170
176
178
184
186
192
194
200
561
562
563
564
171
177
179
185
187
193
195
201
565
566
567
568
569
570
571
202
208
210
216
218
224
226
572
573
574
575
576
203
209
211
217
219
225
227
577
578
579
580
581
582
583
584
232
234
240
242
585
586
587
588
589
590
591
592
233
235
241
243
593
594
595
596
597
598
599
600
601
602
603
604
605
606
607
608
609
610
611
612
613
614
615
616
617
618
619
620
621
622
623
624
625
626
627
628
629
630
631
632
633
634
635
636
637
638
639
640
641
642
643
644
645
646
647
648
649
650
651
652
653
654
655
656
657
658
659
660
661
662
663
664
665
666
667
668
669
670
671
672
673
674
675
