369
370
371
372
373
394
395
396
397
398
399
400
419
420
421
422
423
424
425
426
445
446
447
450
451
452
453
471
472
473
476
477
478
479
497
498
499
500
501
502
503
504
505
523
524
525
526
527
528
529
530
550
551
552
553
554
555
556
577
578
579
580
381
382
383
384
385
406
407
408
409
410
411
412
431
432
433
434
435
436
437
438
457
458
459
462
463
464
465
483
484
485
488
489
490
491
509
510
511
512
513
514
515
516
517
535
536
537
538
539
540
541
542
562
563
564
565
566
567
568
589
590
591
592
69
70
71
72
73
94
95
96
97
98
99
100
119
120
121
122
123
124
125
126
145
146
147
150
151
152
153
171
172
173
176
177
178
179
197
198
199
200
201
202
203
204
205
223
224
225
226
227
228
229
230
250
251
252
253
254
255
256
277
278
279
280
57
58
59
60
61
82
83
84
85
86
87
88
107
108
109
110
111
112
113
114
133
134
135
138
139
140
141
159
160
161
164
165
166
167
185
186
187
188
189
190
191
192
193
211
212
213
214
215
216
217
218
238
239
240
241
242
243
244
265
266
267
268
