152
153
154
155
156
157
158
159
160
161
162
163
164
165
166
167
168
169
170
171
172
173
174
175
176
177
178
179
180
181
182
183
184
185
186
187
188
189
190
191
192
193
194
5
7
13
15
195
196
197
198
199
4
6
12
14
200
201
202
203
204
205
21
23
29
31
37
39
206
207
208
20
22
28
30
36
38
209
210
211
212
213
45
47
53
214
55
61
63
215
216
44
46
52
217
54
60
62
218
219
220
221
69
71
77
222
79
85
87
223
224
68
70
76
225
78
84
86
226
227
228
229
93
95
101
103
109
111
117
230
231
92
94
100
102
108
110
116
232
233
234
235
236
119
125
127
133
135
237
238
239
240
118
124
126
132
134
241
242
243
244
245
246
247
141
143
149
151
248
249
250
251
252
140
142
148
150
253
254
255
256
257
258
259
260
261
262
263
264
265
266
267
268
269
270
271
272
273
274
275
276
277
278
279
280
281
282
283
284
285
286
287
288
289
290
291
292
293
294
295
296
297
298
0
2
8
10
299
300
301
302
303
1
3
9
11
304
305
306
307
308
309
16
18
24
26
32
34
310
311
312
17
19
25
27
33
35
313
314
315
316
317
40
42
48
318
50
56
58
319
320
41
43
49
321
51
57
59
322
323
324
325
64
66
72
326
74
80
82
327
328
65
67
73
329
75
81
83
330
331
332
333
88
90
96
98
104
106
112
334
335
89
91
97
99
105
107
113
336
337
338
339
340
114
120
122
128
130
341
342
343
344
115
121
123
129
131
345
346
347
348
349
350
351
136
138
144
146
352
353
354
355
356
137
139
145
147
357
358
359
360
361
362
363
364
365
366
367
368
369
370
371
372
373
374
375
376
377
378
379
380
381
382
383
384
385
386
387
388
389
390
391
392
393
394
395
396
397
398
399
