223
224
225
226
242
243
244
245
246
247
262
263
264
266
267
268
282
283
284
286
287
288
302
303
304
305
306
307
308
323
324
325
326
327
344
345
346
347
232
233
234
235
251
252
253
254
255
256
271
272
273
275
276
277
291
292
293
295
296
297
311
312
313
314
315
316
317
332
333
334
335
336
353
354
355
356
52
53
54
55
71
72
73
74
75
76
91
92
93
95
96
97
111
112
113
115
116
117
131
132
133
134
135
136
137
152
153
154
155
156
173
174
175
176
43
44
45
46
62
63
64
65
66
67
82
83
84
86
87
88
102
103
104
106
107
108
122
123
124
125
126
127
128
143
144
145
146
147
164
165
166
167
