112
113
114
115
116
117
118
119
120
121
122
123
124
125
126
127
128
129
130
5
7
13
131
132
133
134
4
6
12
135
136
137
138
139
15
21
23
29
31
140
141
14
20
22
28
30
142
143
144
145
37
39
45
47
53
55
146
36
38
44
46
52
54
147
148
149
61
63
69
71
77
79
150
60
62
68
70
76
78
151
152
153
85
87
93
95
101
154
155
84
86
92
94
100
102
156
157
158
159
103
109
111
160
161
162
163
108
110
164
165
166
167
168
169
170
171
172
173
174
175
176
177
178
179
180
181
182
183
184
185
186
187
0
2
188
189
190
191
192
1
3
193
194
195
196
197
8
10
16
18
24
198
199
9
11
17
19
25
200
201
202
203
26
32
34
40
42
48
204
27
33
35
41
43
49
205
206
207
50
56
58
64
66
72
208
51
57
59
65
67
73
209
210
211
74
80
82
88
90
212
213
75
81
83
89
91
97
214
215
216
217
96
98
104
106
218
219
220
99
105
107
221
222
223
224
225
226
227
228
229
230
231
232
233
234
235
236
237
238
239
240
241
242
243
244
245
246
247
248
249
250
251
252
253
254
255
