;;+& 20110101_010101 &-;;
;force_gain [N/A]
float         672
      1.3823690
      1.3859930
      1.4277670
      1.4210000
      1.3989249
      1.4165910
      1.4195811
      1.3003891
      1.4183470
      1.4049070
      1.4140360
      1.4169210
      1.3949580
      1.3881620
      1.4076740
      1.4040670
      1.4063300
      1.4033750
      1.3985660
      1.4292210
      1.4066440
      1.4057720
      1.4193550
      1.4068260
      1.3974119
      1.4162440
      1.4144239
      1.4036050
      1.4111650
      1.3967150
      1.4038290
      1.4086150
      1.4275230
      1.3901809
      1.4077320
      1.4224120
      1.4069700
      1.4275790
      1.4064510
      1.3885010
      1.3901120
      1.3880740
      1.3836850
      1.3961240
      1.4048150
      1.4178981
      1.4295330
      1.3945169
      1.4067180
      1.3881871
      1.4293441
      1.4023581
      1.4148690
      1.4213920
      1.4148390
      1.3911710
      1.4132160
      1.4264240
      1.3772880
      1.3878350
      1.3896101
      1.4076760
      1.4106719
      1.4140280
      1.4249279
      1.4213940
      1.3890769
      1.4020300
      1.4106600
      1.3888659
      1.3979770
      1.3808330
      1.3876920
      1.3995720
      1.3958170
      1.4111210
      1.4138761
      1.4192100
      1.4329619
      1.4060380
      1.4371440
      1.3941320
      1.4105901
      1.4048131
      1.4164580
      1.4092070
      1.4178730
      1.3885630
      1.4224410
      1.3856810
      1.4225950
      1.4494669
      1.4310080
      1.4345670
      1.4354039
      1.3834410
      1.4205461
      1.4350260
      1.4123350
      1.3989600
      1.4259520
      1.4272230
      1.4076509
      1.4227210
      1.4151241
      1.4078341
      1.4035530
      1.4009440
      1.4247470
      1.4236580
      1.4039130
      1.4119260
      1.3932360
      1.3857750
      1.4203939
      1.4177300
      1.4094130
      1.4046710
      1.4043130
      1.3893330
      1.3865710
      1.3944550
      1.3986690
      1.4167870
      1.4154930
      1.4047140
      1.4043270
      1.3833880
      1.4026181
      1.3756599
      1.4008970
      1.4040250
      1.4063040
      1.3989379
      1.4105980
      1.3973900
      1.3729430
      1.4099751
      1.3600980
      1.4090530
      1.3930640
      1.3994009
      1.4003110
      1.4246700
      1.3965200
      1.3927170
      1.3964421
      1.4106170
      1.4153690
      1.4229690
      1.4251080
      1.4093620
      1.4263880
      1.4021879
      1.3945529
      1.4225910
      1.4120890
      1.3653580
      1.3868340
      1.4430040
      1.3917490
      1.4039400
      1.4066640
      1.3964150
      1.4004591
      1.4128690
      1.4263010
      1.4305370
      1.3948650
      1.4112730
      1.4089960
      1.4148051
      1.3987950
      1.3930050
      1.3831900
      1.3884670
      1.3608691
      1.3781641
      1.3790931
      1.4097420
      1.4274369
      1.4332041
      1.4015950
      1.4077480
      1.4110960
      1.4078250
      1.4064770
      1.4176260
      1.4036620
      1.3871770
      1.4191110
      1.4029640
      1.4005070
      1.4061240
      1.4403940
      1.4035380
      1.4013259
      1.4114290
      1.4094070
      1.4000020
      1.3575200
      1.4254030
      1.4050421
      1.4124531
      1.4257110
      1.4222720
      1.4198110
      1.4010890
      1.3897870
      1.4018019
      1.4109830
      1.4000220
      1.3869300
      1.4067510
      1.4357970
      1.3765650
      1.4092170
      1.4129890
      1.4000170
      1.4165530
      1.4140850
      1.4010971
      1.4116260
      1.4040231
      1.4276630
      1.4112120
      1.4032370
      1.4150380
      1.4083440
      1.4194731
      1.3991261
      1.4100580
      1.4059490
      1.3988820
      1.4173650
      1.3909841
      1.4037100
      1.3990300
      1.4034470
      1.3906720
      1.4166009
      1.4200290
      1.3968920
      1.4118010
      1.4151080
      1.3993480
      1.3876270
      1.3921280
      1.4153121
      1.4059970
      1.3868860
      1.4003590
      1.3964950
      1.4077430
      1.3969920
      1.3704070
      1.4228400
      1.4056940
      1.4090600
      1.4396030
      1.4082190
      1.4114929
      1.4236380
      1.4051820
      1.3918000
      1.4045430
      1.4130870
      1.4137770
      1.4162250
      1.4065310
      1.4072560
      1.3528709
      1.4054930
      1.3907800
      1.4119000
      1.4069591
      1.3771040
      1.4265521
      1.4014339
      1.3606280
      1.4074290
      1.4028389
      1.4047450
      1.4034740
      1.4022850
      1.3808300
      1.3824980
      1.4079260
      1.3984630
      1.3970770
      1.4028050
      1.4090110
      1.4094120
      1.3995310
      1.4109010
      1.4152820
      1.4283270
      1.3937171
      1.4102380
      1.4181139
      1.4129061
      1.3900681
      1.4155320
      1.4109210
      1.4069800
      1.4246060
      1.4015380
      1.4124300
      1.4029350
      1.3908930
      1.3948710
      1.4001460
      1.4097840
      1.4162680
      1.4215630
      1.4345080
      1.4188380
      1.3907980
      1.4160390
      1.4141949
      1.4174800
      1.4108270
      1.4185160
      1.4461390
      1.4372760
      1.4182640
      1.4372290
      1.4232870
      1.4102590
      1.4021699
      1.4209681
      1.4038240
      1.4047120
      1.4034370
      1.4028820
      1.4109550
      1.4171770
      1.4020230
      1.4018190
      1.3888839
      1.4128070
      1.3999209
      1.3964260
      1.4159300
      1.4095240
      1.3955500
      1.4083200
      1.4049020
      1.4093570
      1.3903691
      1.3840210
      1.4112880
      1.4373560
      1.4058180
      1.3888839
      1.4183500
      1.4093430
      1.2942780
      1.4093580
      1.4008200
      1.4005920
      1.3970420
      1.4141780
      1.4116390
      1.3774010
      1.4140950
      1.4135420
      1.4191630
      1.3995440
      1.4097559
      1.4110420
      1.4026810
      1.3906810
      1.4027210
      1.4155660
      1.3835630
      1.3926440
      1.3871779
      1.3889040
      1.3941780
      1.3971630
      1.3984890
      1.4209700
      1.3798360
      1.4068100
      1.3961520
      1.4077560
      1.4156920
      1.4078521
      1.3599080
      1.3923460
      1.4237880
      1.4242920
      1.3589900
      1.3821100
      1.4170440
      1.3968630
      1.4182900
      1.4064010
      1.4003429
      1.4177200
      1.4031100
      1.3973050
      1.3978320
      1.4040250
      1.3963290
      1.3643841
      1.4072180
      1.4053580
      1.4024130
      1.3801039
      1.4043260
      1.4109460
      1.4069450
      1.4134580
      1.4038340
      1.4143710
      1.3974880
      1.4154650
      1.3921440
      1.4006950
      1.3974320
      1.4086790
      1.3785110
      1.3973780
      1.3958960
      1.4139090
      1.3779790
      1.4251620
      1.4182400
      1.4383320
      1.4244220
      1.4007330
      1.4130100
      1.2771209
      1.4185580
      1.4335850
      1.4148730
      1.4154170
      1.4258230
      1.3855630
      1.4239490
      1.4268560
      1.4091430
      1.4208990
      1.4174770
      1.4347470
      1.4056070
      1.4166740
      1.3907150
      1.3973980
      1.4063070
      1.4192600
      1.4014720
      1.4147381
      1.4015820
      1.3527750
      1.3858750
      1.3744920
      1.4086620
      1.3999799
      1.4043940
      1.3677140
      1.4078130
      1.4020780
      1.3950760
      1.3953660
      1.4093580
      1.3989710
      1.4093421
      1.3987900
      1.4007400
      1.4103360
      1.4118580
      1.4043810
      1.3925000
      1.3971850
      1.4077350
      1.3821530
      1.3972991
      1.4044200
      1.3786160
      1.4060230
      1.3892270
      1.4145590
      1.4206800
      1.3714020
      1.3932199
      1.3976930
      1.3839279
      1.4103880
      1.3900710
      1.4017090
      1.4164820
      1.4105500
      1.3779510
      1.4069570
      1.4070950
      1.4041359
      1.3899680
      1.3950760
      1.3964700
      1.3966730
      1.3986710
      1.4070420
      1.3908890
      1.3821501
      1.4261290
      1.4263430
      1.4127060
      1.4134190
      1.3994230
      1.4129850
      1.3943660
      1.3928961
      1.3707629
      1.4058380
      1.4001729
      1.4108630
      1.3943930
      1.4015909
      1.4009640
      1.4088680
      1.3962480
      1.3821070
      1.4025040
      1.4145200
      1.4170560
      1.4210210
      1.3666650
      1.4130980
      1.4084300
      1.3948981
      1.4379380
      1.4140760
      1.4138380
      1.4110430
      1.3998131
      1.4297560
      1.4313290
      1.4189470
      1.4150161
      1.4472730
      1.4210410
      1.4036300
      1.4106700
      1.3803040
      1.4290940
      1.4143850
      1.3967720
      1.4237770
      1.3928670
      1.4147810
      1.4267780
      1.4297330
      1.4186510
      1.4145440
      1.4091390
      1.3999290
      1.4104300
      1.3881310
      1.3958440
      1.3922310
      1.3652550
      1.4093699
      1.4119110
      1.4093070
      1.4141890
      1.3956900
      1.3901020
      1.4089760
      1.3921970
      1.4155509
      1.3870610
      1.3971770
      1.4422560
      1.3964980
      1.4014740
      1.4038050
      1.4039400
      1.3995240
      1.4005400
      1.4125710
      1.3992020
      1.4100749
      1.4024071
      1.4178261
      1.4054910
      1.4081490
      1.4196690
      1.4130630
      1.4126430
      1.4202770
      1.4213660
      1.3722661
      1.4181941
      1.4052711
      1.4180720
      1.4024060
      1.4081039
      1.4168611
      1.4056290
      1.3797860
      1.4042120
      1.4024140
      1.3912030
      1.4183490
      1.4010750
      1.4386880
      1.4004771
      1.3464180
      1.3620390
      1.4214560
      1.4101270
      1.4001210
      1.4149240
      1.3890990
      1.3702400
      1.3730230
      1.4069250
      1.4059600
      1.3505160
      1.4244100
      1.4154590
      1.3794850
      1.3978090
      1.4076490
      1.4084860
      1.3920840
      1.4154180
      1.4100370
      1.3718010
      1.3857570
      1.3976240
      1.3863500
      1.3767680
      1.4059581
      1.4085590
      1.4090220
      1.4170860
      1.4107620
      1.4066870
      1.3863070
      1.3981750
      1.4069010
      1.4257650
      1.3986380
      1.4035990
      1.4019910
      1.4071090
      1.3998650
      1.4096169
      1.4032420
      1.3904430
      1.3792850
      1.4043880
      1.4208831
      1.4207740
      1.3715730
      1.4091260
      1.4230250
      1.4128820
      1.4038830
      1.4028940
      1.3889240
      1.4196510
      1.4179720
      1.4292790
      1.4281720
      1.4066390
      1.4299270
      1.4275260
