192
193
194
195
196
197
198
199
200
201
202
203
204
205
206
207
208
209
210
211
212
213
214
215
216
5
7
217
218
219
220
221
222
223
4
6
224
225
226
227
228
229
230
13
15
21
23
29
31
231
232
233
12
14
20
22
28
30
234
235
236
237
37
39
45
47
53
55
61
238
239
36
38
44
46
52
54
60
240
241
242
243
63
69
71
77
79
85
87
93
244
62
68
70
76
78
84
86
92
245
246
247
95
101
103
109
111
117
119
125
248
94
100
102
108
110
116
118
124
249
250
251
127
133
135
141
143
149
151
252
253
126
132
134
140
142
148
150
254
255
256
257
258
157
159
165
167
173
175
259
260
261
156
158
164
166
172
174
262
263
264
265
266
267
181
183
189
191
268
269
270
271
272
180
182
188
190
273
274
275
276
277
278
279
280
281
282
283
284
285
286
287
288
289
290
291
292
293
294
295
296
297
298
299
300
0
2
301
302
303
304
305
306
307
1
3
308
309
310
311
312
313
314
8
10
16
18
24
26
315
316
317
9
11
17
19
25
27
318
319
320
321
32
34
40
42
48
50
56
322
323
33
35
41
43
49
51
57
324
325
326
327
58
64
66
72
74
80
82
88
328
59
65
67
73
75
81
83
89
329
330
331
90
96
98
104
106
112
114
120
332
91
97
99
105
107
113
115
121
333
334
335
122
128
130
136
138
144
146
336
337
123
129
131
137
139
145
147
338
339
340
341
342
152
154
160
162
168
170
343
344
345
153
155
161
163
169
171
346
347
348
349
350
351
176
178
184
186
352
353
354
355
356
177
179
185
187
357
358
359
360
361
362
363
364
365
366
367
368
369
370
371
372
373
374
375
376
377
378
379
380
381
382
383
384
385
386
387
388
389
390
391
392
393
394
395
396
397
398
399
