205
206
223
224
225
226
227
228
242
243
244
245
246
247
248
262
263
264
265
266
267
268
269
282
283
284
285
286
287
288
289
302
303
304
305
306
307
308
323
324
325
326
327
328
344
345
346
347
214
215
232
233
234
235
236
237
251
252
253
254
255
256
257
271
272
273
274
275
276
277
278
291
292
293
294
295
296
297
298
311
312
313
314
315
316
317
332
333
334
335
336
337
353
354
355
356
34
35
52
53
54
55
56
57
71
72
73
74
75
76
77
91
92
93
94
95
96
97
98
111
112
113
114
115
116
117
118
131
132
133
134
135
136
137
152
153
154
155
156
157
173
174
175
176
25
26
43
44
45
46
47
48
62
63
64
65
66
67
68
82
83
84
85
86
87
88
89
102
103
104
105
106
107
108
109
122
123
124
125
126
127
128
143
144
145
146
147
148
164
165
166
167
