-1
-1
-1
-1
-1
-1
-1
-1
-1
-1
-1
-1
-1
-1
-1
-1
-1
-1
-1
-1
-1
-1
-1
-1
-1
-1
-1
-1
-1
-1
-1
-1
-1
-1
-1
-1
-1
-1
-1
-1
-1
-1
-1
-1
-1
-1
-1
-1
-1
-1
-1
-1
-1
-1
-1
-1
-1
-1
-1
-1
-1
-1
-1
-1
-1
-1
-1
-1
-1
-1
-1
-1
-1
-1
-1
-1
-1
-1
-1
-1
-1
-1
-1
-1
-1
-1
-1
-1
-1
-1
-1
-1
-1
-1
-1
-1
-1
-1
-1
-1
-1
-1
-1
-1
-1
-1
-1
-1
-1
-1
-1
-1
-1
-1
-1
-1
-1
-1
-1
-1
-1
-1
-1
-1
-1
-1
-1
-1
-1
-1
-1
-1
-1
-1
-1
-1
-1
-1
-1
-1
-1
-1
-1
-1
-1
-1
-1
-1
-1
-1
-1
-1
-1
-1
-1
-1
-1
-1
-1
-1
-1
-1
-1
-1
-1
-1
-1
-1
-1
-1
-1
-1
-1
-1
-1
-1
-1
-1
-1
-1
-1
-1
-1
-1
-1
-1
-1
-1
-1
-1
-1
-1
-1
-1
-1
-1
-1
-1
-1
-1
-1
-1
-1
-1
-1
0
2
-1
-1
-1
-1
-1
-1
-1
1
3
-1
-1
-1
-1
-1
-1
-1
4
6
8
10
12
14
-1
-1
-1
5
7
9
11
13
15
-1
-1
-1
-1
16
18
20
22
24
26
28
-1
-1
17
19
21
23
25
27
29
-1
-1
-1
-1
30
32
34
36
38
40
42
44
-1
31
33
35
37
39
41
43
45
-1
-1
-1
46
48
50
52
54
56
58
60
-1
47
49
51
53
55
57
59
61
-1
-1
-1
62
64
66
68
70
72
74
-1
-1
63
65
67
69
71
73
75
-1
-1
-1
-1
-1
76
78
80
82
84
86
-1
-1
-1
77
79
81
83
85
87
-1
-1
-1
-1
-1
-1
88
90
92
94
-1
-1
-1
-1
-1
89
91
93
95
-1
-1
-1
-1
-1
-1
-1
-1
-1
-1
-1
-1
-1
-1
-1
-1
-1
-1
-1
-1
-1
-1
-1
-1
-1
-1
-1
-1
-1
-1
-1
-1
-1
-1
-1
-1
-1
-1
-1
-1
-1
-1
-1
