      10.000     0.010000      10.0000
      10.000     0.200000      10.0000
      10.000     0.400000      84.8439
      10.000     0.600000      147.085
      10.000     0.800000      259.904
      10.000      1.00000      315.963
      10.000      1.20000      372.603
      10.000      1.40000      434.659
      10.000      1.60000      549.745
      10.000      1.80000      606.765
      10.000      2.00000      666.126
      10.000      2.20000      780.919
      10.000      2.40000      847.640
      10.000      2.60000      23.6901
      10.000      2.80000      964.651
      10.000      3.00000      1073.27
      10.000      4.00000      1415.21
      10.000      4.00000      1827.20
      10.000      4.00000      2174.88
      10.000      4.00000      2547.00
      10.000      4.00000      2990.33
      100.000     0.010000      10.0000
      100.000     0.200000      10.0000
      100.000     0.400000      84.8439
      100.000     0.600000      147.085
      100.000     0.800000      259.904
      100.000      1.00000      315.963
      100.000      1.20000      372.603
      100.000      1.40000      434.659
      100.000      1.60000      549.745
      100.000      1.80000      606.765
      100.000      2.00000      666.126
      100.000      2.20000      780.919
      100.000      2.40000      847.640
      100.000      2.60000      23.6901
      100.000      2.80000      964.651
      100.000      3.00000      1073.27
      100.000      4.00000      1415.21
      100.000      4.00000      1827.20
      100.000      4.00000      2174.88
      100.000      4.00000      2547.00
      100.000      4.00000      2990.33
      200.000     0.010000      10.0000
      200.000     0.200000      10.0000
      200.000     0.400000      53.0541
      200.000     0.600000      106.718
      200.000     0.800000      201.886
      200.000      1.00000      250.875
      200.000      1.20000      298.095
      200.000      1.40000      347.183
      200.000      1.60000      444.293
      200.000      1.80000      495.178
      200.000      2.00000      541.276
      200.000      2.20000      647.420
      200.000      2.40000      701.132
      200.000      2.60000      751.398
      200.000      2.80000      801.012
      200.000      3.00000      914.075
      200.000      4.00000      1227.44
      200.000      4.00000      1617.41
      200.000      4.00000      1959.77
      200.000      4.00000      2312.18
      200.000      4.00000      2732.10
      300.000     0.010000      10.0000
      300.000     0.200000      10.0000
      300.000     0.400000      27.0436
      300.000     0.600000      72.1802
      300.000     0.800000      153.995
      300.000      1.00000      189.853
      300.000      1.20000      227.327
      300.000      1.40000      262.956
      300.000      1.60000      342.387
      300.000      1.80000      378.733
      300.000      2.00000      417.614
      300.000      2.20000      502.256
      300.000      2.40000      547.959
      300.000      2.60000      584.967
      300.000      2.80000      628.108
      300.000      3.00000      707.956
      300.000      4.00000      976.265
      300.000      4.00000      1307.08
      300.000      4.00000      1612.27
      300.000      4.00000      1909.79
      300.000      4.00000      2272.25
      400.000     0.010000      10.00000
      400.000     0.400000      10.00000
      400.000     0.600000      47.3746
      400.000     0.800000      114.838
      400.000      1.00000      144.945
      400.000      1.20000      175.260
      400.000      1.40000      204.224
      400.000      1.60000      266.909
      400.000      1.80000      294.277
      400.000      2.00000      326.138
      400.000      2.20000      386.527
      400.000      2.40000      418.200
      400.000      2.60000      452.871
      400.000      2.80000      486.671
      400.000      3.00000      556.809
      400.000      4.00000      762.373
      400.000      4.00000      1028.44
      400.000      4.00000      1258.18
      400.000      4.00000      1571.15
      400.000      4.00000      1801.15
      500.000     0.010000      10.00000
      500.000     0.400000      10.00000
      500.000     0.600000      26.0021
      500.000     0.800000      84.4585
      500.000      1.00000      111.430
      500.000      1.20000      138.279
      500.000      1.40000      160.913
      500.000      1.60000      212.740
      500.000      1.80000      236.320
      500.000      2.00000      261.682
      500.000      2.20000      315.431
      500.000      2.40000      335.384
      500.000      2.60000      362.374
      500.000      2.80000      385.254
      500.000      3.00000      441.385
      500.000      4.00000      602.051
      500.000      4.00000      808.071
      500.000      4.00000      990.929
      500.000      4.00000      1182.36
      500.000      4.00000      1416.55
      600.000     0.010000      10.00000
      600.000     0.400000      10.00000
      600.000     0.600000      10.00000
      600.000     0.800000      59.9278
      600.000      1.00000      85.7778
      600.000      1.20000      107.698
      600.000      1.40000      130.702
      600.000      1.60000      171.864
      600.000      1.80000      191.189
      600.000      2.00000      212.993
      600.000      2.20000      253.648
      600.000      2.40000      274.058
      600.000      2.60000      294.745
      600.000      2.80000      316.384
      600.000      3.00000      360.741
      600.000      4.00000      483.042
      600.000      4.00000      650.926
      600.000      4.00000      791.931
      600.000      4.00000      947.727
      600.000      4.00000      1133.07
      700.000     0.010000      10.00000
      700.000     0.400000      10.00000
      700.000     0.600000      10.00000
      700.000     0.800000      42.6976
      700.000      1.00000      63.9665
      700.000      1.20000      85.8046
      700.000      1.40000      105.441
      700.000      1.60000      142.587
      700.000      1.80000      159.292
      700.000      2.00000      177.331
      700.000      2.20000      208.625
      700.000      2.40000      230.655
      700.000      2.60000      244.955
      700.000      2.80000      262.758
      700.000      3.00000      298.849
      700.000      4.00000      398.081
      700.000      4.00000      528.064
      700.000      4.00000      646.283
      700.000      4.00000      768.896
      700.000      4.00000      915.776
      800.000     0.010000      10.00000
      800.000     0.400000      10.00000
      800.000     0.600000      10.00000
      800.000     0.800000      22.4322
      800.000      1.00000      45.5272
      800.000      1.20000      67.5719
      800.000      1.40000      83.7639
      800.000      1.60000      117.095
      800.000      1.80000      131.639
      800.000      2.00000      148.468
      800.000      2.20000      176.919
      800.000      2.40000      192.276
      800.000      2.60000      204.207
      800.000      2.80000      220.933
      800.000      3.00000      253.170
      800.000      4.00000      329.588
      800.000      4.00000      437.921
      800.000      4.00000      529.262
      800.000      4.00000      630.651
      800.000      4.00000      748.141
      900.000     0.010000      10.00000
      900.000     0.400000      10.00000
      900.000     0.600000      10.00000
      900.000     0.800000      10.00000
      900.000      1.00000      26.4836
      900.000      1.20000      46.3492
      900.000      1.40000      62.3319
      900.000      1.60000      93.0497
      900.000      1.80000      107.224
      900.000      2.00000      120.680
      900.000      2.20000      148.001
      900.000      2.40000      161.318
      900.000      2.60000      171.942
      900.000      2.80000      184.839
      900.000      3.00000      212.027
      900.000      4.00000      270.755
      900.000      4.00000      358.979
      900.000      4.00000      440.184
      900.000      4.00000      520.149
      900.000      4.00000      613.317
      1000.00     0.010000      10.00000
      1000.00     0.400000      10.00000
      1000.00     0.600000      10.00000
      1000.00     0.800000      10.00000
      1000.00      1.00000      10.00000
      1000.00      1.20000      10.00000
      1000.00      1.40000      42.5476
      1000.00      1.60000      70.3999
      1000.00      1.80000      84.8778
      1000.00      2.00000      98.4091
      1000.00      2.20000      120.253
      1000.00      2.40000      131.218
      1000.00      2.60000      142.042
      1000.00      2.80000      152.376
      1000.00      3.00000      175.845
      1000.00      4.00000      222.471
      1000.00      4.00000      293.935
      1000.00      4.00000      360.545
      1000.00      4.00000      422.445
      1000.00      4.00000      499.403
