float         672
  5.9785001E-05
  6.3933214E-05
  6.5950204E-05
  6.1722720E-05
  6.4883803E-05
  6.4883803E-05
  6.4883803E-05
  6.4883803E-05
  5.9194383E-05
  6.4386324E-05
  6.4864886E-05
  6.5479697E-05
  6.4362925E-05
  6.5303146E-05
  6.4892367E-05
  6.6034256E-05
  6.2006591E-05
  6.3628024E-05
  5.9095921E-05
  6.4883803E-05
  6.4883803E-05
  6.4883803E-05
  6.4883803E-05
  6.4883803E-05
  6.4433108E-05
  6.6210123E-05
  6.6310669E-05
  6.6821231E-05
  6.7404981E-05
  6.0763879E-05
  6.4800144E-05
  6.4883803E-05
  6.3853971E-05
  5.9481681E-05
  6.1612744E-05
  6.6765300E-05
  6.4883803E-05
  6.4883803E-05
  6.4883803E-05
  6.4883803E-05
  6.6251145E-05
  6.7018707E-05
  6.5595013E-05
  6.5718792E-05
  6.6371853E-05
  6.5642722E-05
  6.6520130E-05
  6.2320774E-05
  6.6076638E-05
  6.5624052E-05
  6.6163724E-05
  6.3801934E-05
  6.6464017E-05
  6.6661138E-05
  6.2596206E-05
  6.4414970E-05
  5.8134978E-05
  6.6919318E-05
  6.7107772E-05
  6.5664404E-05
  6.6940993E-05
  6.6710309E-05
  6.5331798E-05
  6.4718370E-05
  6.5635446E-05
  6.6921450E-05
  6.6124587E-05
  6.6962813E-05
  6.6748973E-05
  6.0323400E-05
  6.4451931E-05
  6.3610409E-05
  6.6349319E-05
  6.4524160E-05
  6.6634449E-05
  6.6070745E-05
  6.7806242E-05
  6.7498746E-05
  6.6960689E-05
  6.5988730E-05
  6.6814413E-05
  6.5566797E-05
  6.5565691E-05
  6.3893240E-05
  6.6833221E-05
  6.6330256E-05
  6.5809443E-05
  6.4429718E-05
  6.6021632E-05
  6.8604895E-05
  6.8874855E-05
  6.4852400E-05
  6.7218600E-05
  6.6332912E-05
  6.6680586E-05
  6.7436056E-05
  6.7525172E-05
  6.6500172E-05
  6.7496068E-05
  6.7031964E-05
  6.6403976E-05
  6.6342982E-05
  6.7247129E-05
  6.6443048E-05
  7.1175004E-05
  7.3159994E-05
  7.1003451E-05
  6.9510621E-05
  6.8250782E-05
  6.6668785E-05
  6.8211484E-05
  6.6985507E-05
  6.8357534E-05
  6.6268512E-05
  6.6966270E-05
  6.5874345E-05
  6.4883803E-05
  6.4883803E-05
  6.4883803E-05
  6.4883803E-05
  6.5719316E-05
  6.5229069E-05
  6.3522595E-05
  6.1187464E-05
  6.5506043E-05
  6.7542613E-05
  6.5158623E-05
  6.5220578E-05
  6.6592671E-05
  6.7409179E-05
  6.6162342E-05
  6.4883803E-05
  6.4883803E-05
  6.4883803E-05
  6.4883803E-05
  6.4883803E-05
  6.6430250E-05
  6.5542386E-05
  6.6801571E-05
  6.6509798E-05
  6.6524735E-05
  6.2221181E-05
  6.5640605E-05
  6.4883803E-05
  6.1950712E-05
  6.5872358E-05
  6.1284780E-05
  6.4883803E-05
  6.4883803E-05
  6.4883803E-05
  6.4883803E-05
  6.4883803E-05
  6.5515669E-05
  6.5337284E-05
  6.5047687E-05
  6.5357548E-05
  6.5814398E-05
  6.3060084E-05
  5.2764794E-05
  5.5077315E-05
  6.5667569E-05
  6.6096065E-05
  6.4736661E-05
  6.6881956E-05
  6.2017818E-05
  6.5822154E-05
  6.2556828E-05
  6.4937194E-05
  6.6780827E-05
  6.1591985E-05
  6.5839173E-05
  6.7093846E-05
  6.7851208E-05
  6.7268578E-05
  6.5464279E-05
  5.7819445E-05
  6.6240173E-05
  6.5696375E-05
  6.5396074E-05
  6.7781926E-05
  6.6952860E-05
  6.6093213E-05
  6.6438122E-05
  6.6231907E-05
  5.8881204E-05
  6.7072709E-05
  6.3215259E-05
  6.5757646E-05
  6.7149966E-05
  6.6915010E-05
  6.7002962E-05
  6.7071262E-05
  6.6145767E-05
  6.3892701E-05
  6.6200635E-05
  6.6568158E-05
  6.6295666E-05
  6.5994995E-05
  6.6647037E-05
  5.6550260E-05
  6.4948355E-05
  6.8065063E-05
  6.6311623E-05
  6.7832436E-05
  6.5009866E-05
  6.6774621E-05
  6.2563289E-05
  6.6418092E-05
  6.8373600E-05
  6.6634973E-05
  6.3780346E-05
  6.4563479E-05
  6.4531974E-05
  6.8432048E-05
  6.4054489E-05
  6.2198749E-05
  6.1748549E-05
  7.1140836E-05
  6.9469119E-05
  6.7444103E-05
  6.2160550E-05
  6.7709814E-05
  6.6932487E-05
  6.7454799E-05
  6.6693719E-05
  6.6448702E-05
  6.4428241E-05
  6.4945336E-05
  6.4883803E-05
  6.4883803E-05
  6.4883803E-05
  6.4883803E-05
  6.4417087E-05
  6.4384803E-05
  6.5149317E-05
  6.4817912E-05
  6.5317719E-05
  6.4742890E-05
  6.5754663E-05
  7.6151176E-05
  6.5189677E-05
  6.3791558E-05
  6.2340128E-05
  6.4883803E-05
  6.4883803E-05
  6.4883803E-05
  6.4883803E-05
  6.4883803E-05
  6.5612468E-05
  7.2374227E-05
  6.5135682E-05
  6.4367210E-05
  6.3901593E-05
  6.4415428E-05
  6.3705709E-05
  6.4883803E-05
  6.1916748E-05
  6.3688705E-05
  6.3619293E-05
  6.5664681E-05
  6.4883803E-05
  6.4883803E-05
  6.4883803E-05
  6.4883803E-05
  6.4566142E-05
  6.5257133E-05
  6.4584572E-05
  6.5721877E-05
  6.3471773E-05
  6.3935877E-05
  6.4800552E-05
  6.6273395E-05
  6.5165252E-05
  6.6381814E-05
  6.2164145E-05
  6.1992163E-05
  6.6858665E-05
  6.6698623E-05
  6.5890716E-05
  6.6294480E-05
  6.4705717E-05
  6.8131012E-05
  6.7300170E-05
  6.6160261E-05
  6.5552369E-05
  6.5944303E-05
  6.4306478E-05
  6.4197877E-05
  6.6396256E-05
  6.6236389E-05
  6.5512882E-05
  6.5424436E-05
  6.6420573E-05
  6.4887834E-05
  6.5077707E-05
  6.4925160E-05
  6.6270695E-05
  6.6191024E-05
  6.6529719E-05
  6.7228328E-05
  6.7267880E-05
  6.6200817E-05
  6.6851819E-05
  6.7463639E-05
  6.7117726E-05
  6.7427347E-05
  6.3817708E-05
  6.3141495E-05
  6.6968496E-05
  6.7211389E-05
  6.3556727E-05
  6.7950175E-05
  6.6744797E-05
  6.1999453E-05
  5.9830942E-05
  6.6725064E-05
  6.6928915E-05
  6.6796092E-05
  5.1709310E-05
  6.9073205E-05
  6.6190107E-05
  6.5757471E-05
  6.3028565E-05
  6.3632870E-05
  6.6680514E-05
  6.3087660E-05
  6.7264511E-05
  6.4223648E-05
  5.6089801E-05
  6.7946828E-05
  6.7473105E-05
  6.7859219E-05
  6.7717236E-05
  6.2008665E-05
  6.4377753E-05
  6.7884852E-05
  2.6644560E-05
  2.3819539E-05
  2.1409021E-05
  2.3702840E-05
  6.4883803E-05
  6.4883803E-05
  6.4883803E-05
  6.4883803E-05
  7.1940900E-05
  4.1269806E-05
  2.4457384E-05
  4.4235243E-05
  6.6781307E-05
  2.3064998E-05
  2.0885867E-05
  2.2054912E-05
  5.1478895E-05
  7.5662203E-05
  2.1303897E-05
  6.4883803E-05
  6.4883803E-05
  6.4883803E-05
  6.4883803E-05
  6.4883803E-05
  7.3107432E-05
  6.6745240E-05
  7.5129676E-05
  7.0424656E-05
  7.3468836E-05
  6.9039372E-05
  3.0581283E-05
  6.4883803E-05
  5.1105890E-05
  4.8758546E-05
  4.9462309E-05
  6.4883803E-05
  6.4883803E-05
  6.4883803E-05
  6.4883803E-05
  6.4883803E-05
  6.5434433E-05
  6.2191437E-05
  2.7321596E-05
  5.9664973E-05
  6.9801019E-05
  6.4883803E-05
  6.4655149E-05
  5.8060967E-05
  6.3692511E-05
  5.1742863E-05
  5.9665635E-05
  6.4670297E-05
  5.3741333E-05
  6.7980895E-05
  7.0020498E-05
  7.2493007E-05
  7.0709153E-05
  6.8802285E-05
  7.2454612E-05
  7.3019903E-05
  5.3193889E-05
  2.0314426E-05
  7.0233546E-05
  6.4826767E-05
  7.0807408E-05
  5.7582703E-05
  7.1986186E-05
  7.2250128E-05
  6.0394617E-05
  5.7944628E-05
  7.2476556E-05
  6.1131926E-05
  5.6138593E-05
  6.9351925E-05
  6.7973218E-05
  6.0314742E-05
  7.1181959E-05
  7.1230628E-05
  7.1864968E-05
  6.3948195E-05
  6.8932277E-05
  6.5674380E-05
  6.4873318E-05
  6.2365500E-05
  6.2484294E-05
  6.2103063E-05
  6.7019733E-05
  7.0469425E-05
  6.7177913E-05
  5.8394726E-05
  6.7291076E-05
  7.0552072E-05
  6.7910929E-05
  6.8740344E-05
  6.5423796E-05
  6.5354019E-05
  6.3208914E-05
  6.0013641E-05
  6.7459070E-05
  6.5390224E-05
  6.5630535E-05
  6.2788247E-05
  6.5925800E-05
  6.0278224E-05
  6.7224362E-05
  6.4532454E-05
  6.3657390E-05
  6.2129169E-05
  6.3477542E-05
  6.2774452E-05
  6.3757310E-05
  6.3401625E-05
  6.2265710E-05
  5.4878172E-05
  5.1662100E-05
  6.2974330E-05
  6.4883803E-05
  6.4883803E-05
  6.4883803E-05
  6.4883803E-05
  5.9915816E-05
  6.5469656E-05
  6.4363609E-05
  6.0834755E-05
  6.4081752E-05
  5.9739865E-05
  6.0390874E-05
  6.1345308E-05
  5.1947136E-05
  4.8182035E-05
  5.6757228E-05
  6.4883803E-05
  6.4883803E-05
  6.4883803E-05
  6.4883803E-05
  6.4883803E-05
  6.4328407E-05
  6.7499066E-05
  6.6775749E-05
  6.7361863E-05
  6.0385501E-05
  6.5856359E-05
  5.6592879E-05
  6.4883803E-05
  4.4385291E-05
  2.7632514E-05
  5.3934098E-05
  7.1191236E-05
  6.4883803E-05
  6.4883803E-05
  6.4883803E-05
  6.4883803E-05
  5.6798934E-05
  5.6040073E-05
  6.4930486E-05
  7.2105249E-05
  6.4975095E-05
  4.6698569E-05
  4.1810974E-05
  5.9545135E-05
  5.9519425E-05
  5.3632513E-05
  5.4417331E-05
  5.3107709E-05
  3.7516656E-05
  6.3131411E-05
  7.0564995E-05
  6.5915476E-05
  5.8794103E-05
  6.6808709E-05
  6.6337023E-05
  5.8836613E-05
  6.0606199E-05
  6.1813909E-05
  6.7110464E-05
  6.8954774E-05
  6.4530810E-05
  6.7422254E-05
  2.0021385E-05
  6.6275963E-05
  7.1863935E-05
  6.0270962E-05
  5.8831567E-05
  6.6796725E-05
  5.8927184E-05
  6.5715976E-05
  6.1006976E-05
  6.9722562E-05
  5.0778777E-05
  2.5799467E-05
  6.3579930E-05
  5.7160363E-05
  6.1253639E-05
  6.5855900E-05
  7.0826587E-05
  6.9433794E-05
  5.7372523E-05
  6.4398417E-05
  7.1886585E-05
  6.7418761E-05
  5.0852017E-05
  2.5155587E-05
  2.7900824E-05
  5.8571361E-05
  6.6002511E-05
  4.3638505E-05
  5.0322280E-05
  5.5064575E-05
  5.1010251E-05
  4.9454433E-05
  6.0733189E-05
  6.5748987E-05
  6.3652544E-05
  4.3661639E-05
  5.7537931E-05
  6.1779203E-05
  6.6816559E-05
  7.3047529E-05
  6.3291031E-05
  6.9578920E-05
  6.0959577E-05
  6.5631546E-05
  4.6364545E-05
  2.5098991E-05
  6.2981781E-05
  5.9686216E-05
  5.7843179E-05
  6.5388493E-05
  6.4883803E-05
  6.4883803E-05
  6.4883803E-05
  6.4883803E-05
  5.7324491E-05
  6.7852401E-05
  6.4370201E-05
  5.8486847E-05
  6.4637796E-05
  6.3781743E-05
  6.4293272E-05
  6.5049739E-05
  6.4437903E-05
  6.3781074E-05
  5.7913581E-05
  6.4883803E-05
  6.4883803E-05
  6.4883803E-05
  6.4883803E-05
  6.4883803E-05
  6.4194406E-05
  7.3117910E-05
  6.8650974E-05
  6.3798550E-05
  6.1099214E-05
  7.4082003E-05
  5.1187002E-05
  6.4883803E-05
  3.0442410E-05
  7.7897523E-05
  7.7965240E-05
  6.4883803E-05
  6.4883803E-05
  6.4883803E-05
  6.4883803E-05
  6.4883803E-05
  7.4004914E-05
  6.4982043E-05
  7.1510818E-05
  7.6121520E-05
  7.6712196E-05
  7.5888333E-05
  5.4449287E-05
  6.6378612E-05
  5.3307456E-05
  5.6851437E-05
  6.5782529E-05
  7.3475021E-05
  7.4512711E-05
  7.5443677E-05
  7.3628893E-05
  7.3655305E-05
  6.9848931E-05
  6.9612935E-05
  6.6359971E-05
  6.4225904E-05
  6.7621419E-05
  6.6521337E-05
  7.0800881E-05
  6.7170462E-05
  6.9639405E-05
  7.0199341E-05
  6.8258691E-05
  6.7117035E-05
  6.8320849E-05
  6.7258487E-05
  6.6043845E-05
  6.2401326E-05
  6.4944084E-05
  6.8330366E-05
  6.5685177E-05
  6.4388572E-05
  7.1774084E-05
  5.5471955E-05
  6.3220679E-05
  6.9298520E-05
  5.3922060E-05
  6.4288732E-05
  7.3267918E-05
  4.7718539E-05
  6.5217777E-05
  7.1982664E-05
  5.7664500E-05
  7.1584087E-05
  6.3295542E-05
  6.9851623E-05
  6.5472734E-05
  6.6247485E-05
  6.8631816E-05
  7.0247646E-05
  6.9363981E-05
  6.1385806E-05
  6.2042702E-05
  6.3897438E-05
  6.2686209E-05
  6.6555163E-05
  6.7403533E-05
  6.8404217E-05
  6.7882458E-05
  6.7317618E-05
  8.3927596E-05
  3.0486064E-05
  6.6083972E-05
  7.3833573E-05
  7.0191512E-05
  6.4648913E-05
  6.8346948E-05
  7.2630988E-05
