;;+& 20110101_010101 &-;;
int 672
    504
    505
    506
    507
    585
    586
    587
    588
    360
    361
    362
    363
    429
    430
    431
    432
    509
    510
    511
    590
    591
    592
    593
    594
    364
    433
    434
    435
    436
    508
    512
    589
    513
    514
    515
    516
    595
    596
    597
    598
    367
    368
    369
    370
    437
    438
    439
    440
    246
    247
    248
    249
    304
    305
    306
    307
    298
    299
    300
    301
    302
    303
    365
    366
    189
    240
    241
    242
    243
    244
    245
    297
    144
    145
    146
    147
    190
    191
    192
    193
    148
    149
    150
    151
    194
    195
    196
    197
     72
    105
    106
    107
    108
    109
    110
    111
     47
     48
     49
     73
     74
     75
     76
     77
      0
      9
     10
     24
     25
     26
     45
     46
    527
    528
    529
    530
    610
    611
    612
    613
    379
    380
    381
    382
    450
    451
    452
    453
    523
    524
    525
    604
    605
    606
    607
    608
    378
    446
    447
    448
    449
    522
    526
    609
    518
    519
    520
    599
    600
    601
    602
    603
    371
    441
    442
    443
    444
    445
    517
    521
    250
    308
    309
    310
    372
    373
    374
    375
    311
    312
    313
    314
    315
    316
    376
    377
    205
    253
    254
    255
    256
    257
    258
    317
    155
    156
    157
    158
    201
    202
    203
    204
    152
    153
    154
    198
    199
    200
    251
    252
     78
     79
    112
    113
    114
    115
    116
    117
     30
     50
     51
     52
     53
     80
     81
     82
      1
      2
     11
     12
     13
     27
     28
     29
    531
    532
    533
    534
    614
    615
    616
    617
    383
    384
    385
    386
    454
    455
    456
    457
    536
    537
    538
    619
    620
    621
    622
    623
    387
    458
    459
    460
    461
    535
    539
    618
    540
    541
    542
    543
    624
    625
    626
    627
    390
    391
    392
    393
    462
    463
    464
    465
    265
    266
    267
    268
    325
    326
    327
    328
    319
    320
    321
    322
    323
    324
    388
    389
    206
    259
    260
    261
    262
    263
    264
    318
    159
    160
    161
    162
    207
    208
    209
    210
    163
    164
    165
    166
    211
    212
    213
    214
     83
    118
    119
    120
    121
    122
    123
    124
     56
     57
     58
     84
     85
     86
     87
     88
      3
     14
     15
     31
     32
     33
     54
     55
    554
    555
    556
    557
    639
    640
    641
    642
    402
    403
    404
    405
    475
    476
    477
    478
    550
    551
    552
    633
    634
    635
    636
    637
    401
    471
    472
    473
    474
    549
    553
    638
    545
    546
    547
    628
    629
    630
    631
    632
    394
    466
    467
    468
    469
    470
    544
    548
    269
    329
    330
    331
    395
    396
    397
    398
    332
    333
    334
    335
    336
    337
    399
    400
    222
    272
    273
    274
    275
    276
    277
    338
    170
    171
    172
    173
    218
    219
    220
    221
    167
    168
    169
    215
    216
    217
    270
    271
     89
     90
    125
    126
    127
    128
    129
    130
     37
     59
     60
     61
     62
     91
     92
     93
      4
      5
     16
     17
     18
     34
     35
     36
    558
    559
    560
    561
    643
    644
    645
    646
    406
    407
    408
    409
    479
    480
    481
    482
    563
    564
    565
    648
    649
    650
    651
    652
    410
    483
    484
    485
    486
    562
    566
    647
    567
    568
    569
    570
    653
    654
    655
    656
    413
    414
    415
    416
    487
    488
    489
    490
    284
    285
    286
    287
    346
    347
    348
    349
    340
    341
    342
    343
    344
    345
    411
    412
    223
    278
    279
    280
    281
    282
    283
    339
    174
    175
    176
    177
    224
    225
    226
    227
    178
    179
    180
    181
    228
    229
    230
    231
     94
    131
    132
    133
    134
    135
    136
    137
     65
     66
     67
     95
     96
     97
     98
     99
      6
     19
     20
     38
     39
     40
     63
     64
    581
    582
    583
    584
    668
    669
    670
    671
    425
    426
    427
    428
    500
    501
    502
    503
    577
    578
    579
    662
    663
    664
    665
    666
    424
    496
    497
    498
    499
    576
    580
    667
    572
    573
    574
    657
    658
    659
    660
    661
    417
    491
    492
    493
    494
    495
    571
    575
    288
    350
    351
    352
    418
    419
    420
    421
    353
    354
    355
    356
    357
    358
    422
    423
    239
    291
    292
    293
    294
    295
    296
    359
    185
    186
    187
    188
    235
    236
    237
    238
    182
    183
    184
    232
    233
    234
    289
    290
    100
    101
    138
    139
    140
    141
    142
    143
     44
     68
     69
     70
     71
    102
    103
    104
      7
      8
     21
     22
     23
     41
     42
     43
