807
808
809
810
811
845
846
847
848
849
850
851
852
853
884
885
886
887
888
889
890
891
892
893
894
923
924
925
926
927
928
929
930
931
932
933
934
935
963
964
965
966
967
968
969
970
971
972
973
974
975
1003
1004
1005
1006
1007
1008
1010
1011
1012
1013
1014
1015
1042
1043
1044
1045
1046
1047
1051
1052
1053
1054
1055
1056
1082
1083
1084
1085
1086
1087
1091
1092
1093
1094
1095
1096
1123
1124
1125
1126
1127
1128
1130
1131
1132
1133
1134
1135
1163
1164
1165
1166
1167
1168
1169
1170
1171
1172
1173
1174
1175
1203
1204
1205
1206
1207
1208
1209
1210
1211
1212
1213
1214
1215
1244
1245
1246
1247
1248
1249
1250
1251
1252
1253
1254
1285
1286
1287
1288
1289
1290
1291
1292
1293
1327
1328
1329
1330
1331
825
826
827
828
829
863
864
865
866
867
868
869
870
871
902
903
904
905
906
907
908
909
910
911
912
941
942
943
944
945
946
947
948
949
950
951
952
953
981
982
983
984
985
986
987
988
989
990
991
992
993
1021
1022
1023
1024
1025
1026
1028
1029
1030
1031
1032
1033
1060
1061
1062
1063
1064
1065
1069
1070
1071
1072
1073
1074
1100
1101
1102
1103
1104
1105
1109
1110
1111
1112
1113
1114
1141
1142
1143
1144
1145
1146
1148
1149
1150
1151
1152
1153
1181
1182
1183
1184
1185
1186
1187
1188
1189
1190
1191
1192
1193
1221
1222
1223
1224
1225
1226
1227
1228
1229
1230
1231
1232
1233
1262
1263
1264
1265
1266
1267
1268
1269
1270
1271
1272
1303
1304
1305
1306
1307
1308
1309
1310
1311
1345
1346
1347
1348
1349
105
106
107
108
109
143
144
145
146
147
148
149
150
151
182
183
184
185
186
187
188
189
190
191
192
221
222
223
224
225
226
227
228
229
230
231
232
233
261
262
263
264
265
266
267
268
269
270
271
272
273
301
302
303
304
305
306
308
309
310
311
312
313
340
341
342
343
344
345
349
350
351
352
353
354
380
381
382
383
384
385
389
390
391
392
393
394
421
422
423
424
425
426
428
429
430
431
432
433
461
462
463
464
465
466
467
468
469
470
471
472
473
501
502
503
504
505
506
507
508
509
510
511
512
513
542
543
544
545
546
547
548
549
550
551
552
583
584
585
586
587
588
589
590
591
625
626
627
628
629
87
88
89
90
91
125
126
127
128
129
130
131
132
133
164
165
166
167
168
169
170
171
172
173
174
203
204
205
206
207
208
209
210
211
212
213
214
215
243
244
245
246
247
248
249
250
251
252
253
254
255
283
284
285
286
287
288
290
291
292
293
294
295
322
323
324
325
326
327
331
332
333
334
335
336
362
363
364
365
366
367
371
372
373
374
375
376
403
404
405
406
407
408
410
411
412
413
414
415
443
444
445
446
447
448
449
450
451
452
453
454
455
483
484
485
486
487
488
489
490
491
492
493
494
495
524
525
526
527
528
529
530
531
532
533
534
565
566
567
568
569
570
571
572
573
607
608
609
610
611
