;;+& 20110101_010101 &-;;
; mag_ref
;
; magnets efficiency [Ohm/sqrt(W)]
;   586   ;added 0.500 for last ring
float         672
     0.53899997
     0.54100001
     0.53899997
     0.54100001
     0.50000000
     0.50000000
     0.50000000
     0.50000000
     0.58800000
     0.57900000
     0.58800000
     0.57999998
     0.61100000
     0.61100000
     0.61100000
     0.61100000
     0.54100001
     0.57300001
     0.54000002
     0.50000000
     0.50000000
     0.50000000
     0.50000000
     0.50000000
     0.58700001
     0.61100000
     0.61100000
     0.61100000
     0.61100000
     0.53899997
     0.53899997
     0.50000000
     0.54000002
     0.54000002
     0.60900003
     0.58899999
     0.50000000
     0.50000000
     0.50000000
     0.50000000
     0.57999998
     0.58700001
     0.58099997
     0.58700001
     0.61100000
     0.61100000
     0.61100000
     0.61000001
     0.57099998
     0.59500003
     0.57099998
     0.56800002
     0.59100002
     0.57499999
     0.58999997
     0.59399998
     0.59100002
     0.57499999
     0.59100002
     0.57499999
     0.59100002
     0.57499999
     0.57999998
     0.58700001
     0.56699997
     0.57099998
     0.59500003
     0.57099998
     0.59500003
     0.57099998
     0.59500003
     0.57499999
     0.56300002
     0.60000002
     0.56300002
     0.60000002
     0.59700000
     0.56699997
     0.59700000
     0.56699997
     0.56300002
     0.59899998
     0.56300002
     0.56000000
     0.59700000
     0.56900001
     0.57599998
     0.59899998
     0.55599999
     0.55900002
     0.60200000
     0.55900002
     0.60200000
     0.56000000
     0.60200000
     0.60399997
     0.55500001
     0.60600001
     0.60799998
     0.60500002
     0.55599999
     0.60500002
     0.55599999
     0.58999997
     0.52300000
     0.60900003
     0.55100000
     0.55199999
     0.60799998
     0.55299997
     0.55500001
     0.60600001
     0.52700001
     0.54900002
     0.52700001
     0.54799998
     0.50000000
     0.50000000
     0.50000000
     0.50000000
     0.57599998
     0.58999997
     0.57599998
     0.58999997
     0.58700001
     0.58099997
     0.58600003
     0.58099997
     0.52600002
     0.54900002
     0.52700001
     0.50000000
     0.50000000
     0.50000000
     0.50000000
     0.50000000
     0.58999997
     0.58700001
     0.58099997
     0.58700001
     0.58099997
     0.54900002
     0.54900002
     0.50000000
     0.54900002
     0.52300000
     0.54900002
     0.50000000
     0.50000000
     0.50000000
     0.50000000
     0.50000000
     0.57499999
     0.58099997
     0.58700001
     0.58099997
     0.58700001
     0.58099997
     0.52300000
     0.52399999
     0.59700000
     0.57099998
     0.59399998
     0.57200003
     0.58999997
     0.57499999
     0.58999997
     0.57499999
     0.59399998
     0.57200003
     0.59399998
     0.57200003
     0.59399998
     0.57200003
     0.58999997
     0.57499999
     0.59899998
     0.56900001
     0.59700000
     0.56900001
     0.59700000
     0.56900001
     0.59700000
     0.59399998
     0.56000000
     0.60100001
     0.56099999
     0.60100001
     0.59899998
     0.56400001
     0.59899998
     0.56400001
     0.60200000
     0.56000000
     0.56800002
     0.56400001
     0.59899998
     0.56400001
     0.56900001
     0.59700000
     0.60600001
     0.55500001
     0.55699998
     0.60399997
     0.55699998
     0.60399997
     0.55699998
     0.60399997
     0.58600003
     0.55299997
     0.60699999
     0.55299997
     0.60699999
     0.60600001
     0.55500001
     0.60600001
     0.62300003
     0.51400000
     0.55000001
     0.61000001
     0.55000001
     0.50599998
     0.60900003
     0.55100000
     0.52700001
     0.54799998
     0.52800000
     0.54799998
     0.50000000
     0.50000000
     0.50000000
     0.50000000
     0.57599998
     0.58999997
     0.57599998
     0.58999997
     0.58600003
     0.58200002
     0.58600003
     0.58200002
     0.57200003
     0.54799998
     0.52899998
     0.50000000
     0.50000000
     0.50000000
     0.50000000
     0.50000000
     0.57599998
     0.58600003
     0.58200002
     0.58600003
     0.58200002
     0.52800000
     0.54799998
     0.50000000
     0.52999997
     0.54799998
     0.53100002
     0.54799998
     0.50000000
     0.50000000
     0.50000000
     0.50000000
     0.57599998
     0.57700002
     0.58999997
     0.57700002
     0.58600003
     0.58200002
     0.58600003
     0.58600003
     0.56900001
     0.59600002
     0.56900001
     0.59600002
     0.59299999
     0.57200003
     0.59299999
     0.57200003
     0.59399998
     0.57200003
     0.59399998
     0.57200003
     0.59299999
     0.57200003
     0.58999997
     0.57700002
     0.56400001
     0.56900001
     0.59700000
     0.56900001
     0.59700000
     0.56900001
     0.59600002
     0.57200003
     0.56099999
     0.60100001
     0.56099999
     0.60100001
     0.59899998
     0.56400001
     0.59899998
     0.56400001
     0.56099999
     0.60100001
     0.56099999
     0.60100001
     0.59899998
     0.56400001
     0.59899998
     0.56400001
     0.55599999
     0.55699998
     0.60399997
     0.55699998
     0.60399997
     0.55699998
     0.60399997
     0.55800003
     0.55400002
     0.60699999
     0.55400002
     0.60600001
     0.55599999
     0.60500002
     0.55599999
     0.60500002
     0.51599997
     0.61000001
     0.55000001
     0.57200003
     0.61500001
     0.55199999
     0.55299997
     0.60699999
     0.53299999
     0.54699999
     0.53399998
     0.54600000
     0.50000000
     0.50000000
     0.50000000
     0.50000000
     0.58999997
     0.57700002
     0.58899999
     0.57700002
     0.58499998
     0.58200002
     0.58499998
     0.58200002
     0.53299999
     0.54699999
     0.53299999
     0.50000000
     0.50000000
     0.50000000
     0.50000000
     0.50000000
     0.57700002
     0.58600003
     0.58200002
     0.58600003
     0.58200002
     0.54699999
     0.54699999
     0.50000000
     0.54699999
     0.53200001
     0.54699999
     0.50000000
     0.50000000
     0.50000000
     0.50000000
     0.50000000
     0.58999997
     0.58200002
     0.58600003
     0.58200002
     0.58600003
     0.58200002
     0.53100002
     0.53200001
     0.56900001
     0.59299999
     0.57200003
     0.59299999
     0.57700002
     0.58999997
     0.57700002
     0.58999997
     0.57300001
     0.59299999
     0.57300001
     0.59299999
     0.57300001
     0.59299999
     0.57700002
     0.58999997
     0.56500000
     0.59600002
     0.56900001
     0.59600002
     0.56999999
     0.59600002
     0.56999999
     0.57400000
     0.60100001
     0.56199998
     0.60000002
     0.56199998
     0.56500000
     0.59799999
     0.56500000
     0.59799999
     0.56099999
     0.60100001
     0.56199998
     0.59899998
     0.56400001
     0.59799999
     0.59600002
     0.56900001
     0.55599999
     0.60500002
     0.60399997
     0.55800003
     0.60299999
     0.55800003
     0.60299999
     0.55900002
     0.60799998
     0.60699999
     0.55400002
     0.60699999
     0.55400002
     0.55599999
     0.60500002
     0.55599999
     0.51599997
     0.51599997
     0.60900003
     0.55000001
     0.60900003
     0.50900000
     0.60799998
     0.55199999
     0.53399998
     0.54600000
     0.53500003
     0.54500002
     0.50000000
     0.50000000
     0.50000000
     0.50000000
     0.58899999
     0.57700002
     0.58899999
     0.57700002
     0.58499998
     0.58300000
     0.58499998
     0.58300000
     0.54400003
     0.53600001
     0.54400003
     0.50000000
     0.50000000
     0.50000000
     0.50000000
     0.50000000
     0.58899999
     0.58499998
     0.58300000
     0.58499998
     0.58300000
     0.53500003
     0.53600001
     0.50000000
     0.54299998
     0.53600001
     0.54299998
     0.53700000
     0.50000000
     0.50000000
     0.50000000
     0.50000000
     0.57800001
     0.58899999
     0.58899999
     0.57800001
     0.58499998
     0.58300000
     0.58499998
     0.58300000
     0.59500003
     0.56999999
     0.59500003
     0.56999999
     0.57400000
     0.59200001
     0.57400000
     0.59200001
     0.57400000
     0.59299999
     0.57400000
     0.59299999
     0.57400000
     0.59200001
     0.57700002
     0.58899999
     0.59799999
     0.59600002
     0.56999999
     0.59600002
     0.56999999
     0.59500003
     0.56999999
     0.59299999
     0.60000002
     0.56199998
     0.60000002
     0.56199998
     0.56500000
     0.59799999
     0.56599998
     0.59799999
     0.60000002
     0.56199998
     0.60000002
     0.56199998
     0.56599998
     0.59799999
     0.56599998
     0.59799999
     0.57300001
     0.60299999
     0.55900002
     0.60299999
     0.55900002
     0.60299999
     0.55900002
     0.60299999
     0.60600001
     0.55400002
     0.60600001
     0.55599999
     0.60500002
     0.55000001
     0.60500002
     0.55000001
     0.51700002
     0.55100000
     0.60900003
     0.55199999
     0.60799998
     0.55199999
     0.60699999
     0.55400002
     0.53799999
     0.54200000
     0.53899997
     0.54200000
     0.50000000
     0.50000000
     0.50000000
     0.50000000
     0.58800000
     0.57900000
     0.58800000
     0.57900000
     0.58300000
     0.58399999
     0.58399999
     0.58399999
     0.55400002
     0.54200000
     0.53799999
     0.50000000
     0.50000000
     0.50000000
     0.50000000
     0.50000000
     0.57900000
     0.58300000
     0.58399999
     0.58300000
     0.58399999
     0.53799999
     0.54200000
     0.50000000
     0.53700000
     0.54299998
     0.53799999
     0.50000000
     0.50000000
     0.50000000
     0.50000000
     0.50000000
     0.58800000
     0.58399999
     0.58300000
     0.58399999
     0.58300000
     0.58399999
     0.54299998
     0.54299998
     0.59500003
     0.57400000
     0.59200001
     0.57400000
     0.57800001
     0.58800000
     0.57900000
     0.58800000
     0.59200001
     0.57400000
     0.59100002
     0.57400000
     0.59100002
     0.57499999
     0.57900000
     0.58800000
     0.59799999
     0.57099998
     0.59500003
     0.57099998
     0.59500003
     0.57099998
     0.59500003
     0.59100002
     0.56199998
     0.60000002
     0.56300002
     0.60000002
     0.59799999
     0.56599998
     0.59799999
     0.56699997
     0.60000002
     0.56199998
     0.60699999
     0.56599998
     0.59799999
     0.56599998
     0.56999999
     0.59500003
     0.60500002
     0.55000001
     0.55900002
     0.60200000
     0.55900002
     0.60200000
     0.55900002
     0.60200000
     0.60799998
     0.55400002
     0.60600001
     0.55400002
     0.60600001
     0.60500002
     0.54900002
     0.60500002
     0.52300000
     0.51800001
     0.55100000
     0.60900003
     0.55100000
     0.50500000
     0.60799998
     0.55199999
