240
241
242
243
244
245
246
247
248
249
250
251
252
253
254
255
256
257
258
259
260
261
262
263
264
265
266
267
268
269
270
271
272
273
274
275
276
277
278
279
280
281
282
283
284
285
286
287
288
289
290
291
292
293
294
295
296
5
7
13
297
298
299
300
301
302
303
304
305
4
6
12
306
307
308
309
310
311
312
313
314
315
15
21
23
29
31
37
316
317
318
319
320
321
14
20
22
28
30
36
322
323
324
325
326
327
328
39
45
47
53
55
61
63
69
329
330
331
332
38
44
46
52
54
60
62
68
333
334
335
336
337
71
77
79
85
338
87
93
95
101
339
340
341
70
76
78
84
342
86
92
94
100
343
344
345
346
347
103
109
111
348
349
350
117
119
125
127
351
352
102
108
110
353
354
355
116
118
124
126
356
357
358
359
133
135
141
143
360
149
151
157
159
361
362
363
132
134
140
142
364
148
150
156
158
365
366
367
368
369
370
165
167
173
175
181
183
189
191
371
372
373
374
164
166
172
174
180
182
188
190
375
376
377
378
379
380
197
199
205
207
213
215
221
381
382
383
384
385
196
198
204
206
212
214
220
386
387
388
389
390
391
392
393
394
223
229
231
237
239
395
396
397
398
399
400
401
222
228
230
236
238
402
403
404
405
406
407
408
409
410
411
412
413
414
415
416
417
418
419
420
421
422
423
424
425
426
427
428
429
430
431
432
433
434
435
436
437
438
439
440
441
442
443
444
445
446
447
448
449
450
451
452
453
454
455
456
457
458
459
460
461
462
463
464
465
466
467
468
469
470
471
472
473
474
475
476
477
478
479
480
481
482
483
484
485
486
487
488
0
2
8
489
490
491
492
493
494
495
496
497
1
3
9
498
499
500
501
502
503
504
505
506
507
10
16
18
24
26
32
508
509
510
511
512
513
11
17
19
25
27
33
514
515
516
517
518
519
520
34
40
42
48
50
56
58
64
521
522
523
524
35
41
43
49
51
57
59
65
525
526
527
528
529
66
72
74
80
530
82
88
90
96
531
532
533
67
73
75
81
534
83
89
91
97
535
536
537
538
539
98
104
106
540
541
542
112
114
120
122
543
544
99
105
107
545
546
547
113
115
121
123
548
549
550
551
128
130
136
138
552
144
146
152
154
553
554
555
129
131
137
139
556
145
147
153
155
557
558
559
560
561
562
160
162
168
170
176
178
184
186
563
564
565
566
161
163
169
171
177
179
185
187
567
568
569
570
571
572
192
194
200
202
208
210
216
573
574
575
576
577
193
195
201
203
209
211
217
578
579
580
581
582
583
584
585
586
218
224
226
232
234
587
588
589
590
591
592
593
219
225
227
233
235
594
595
596
597
598
599
600
601
602
603
604
605
606
607
608
609
610
611
612
613
614
615
616
617
618
619
620
621
622
623
624
625
626
627
628
629
630
631
632
633
634
635
636
637
638
639
640
641
642
643
644
645
646
647
648
649
650
651
652
653
654
655
656
657
658
659
660
661
662
663
664
665
666
667
668
669
670
671
672
673
674
675
