369
370
371
394
395
396
397
398
399
419
420
421
422
423
424
425
426
444
445
446
447
449
450
451
452
470
471
472
476
477
478
479
496
497
498
499
501
502
503
504
523
524
525
526
527
528
529
530
549
550
551
552
553
554
555
577
578
579
580
581
381
382
383
406
407
408
409
410
411
431
432
433
434
435
436
437
438
456
457
458
459
461
462
463
464
482
483
484
488
489
490
491
508
509
510
511
513
514
515
516
535
536
537
538
539
540
541
542
561
562
563
564
565
566
567
589
590
591
592
593
69
70
71
94
95
96
97
98
99
119
120
121
122
123
124
125
126
144
145
146
147
149
150
151
152
170
171
172
176
177
178
179
196
197
198
199
201
202
203
204
223
224
225
226
227
228
229
230
249
250
251
252
253
254
255
277
278
279
280
281
57
58
59
82
83
84
85
86
87
107
108
109
110
111
112
113
114
132
133
134
135
137
138
139
140
158
159
160
164
165
166
167
184
185
186
187
189
190
191
192
211
212
213
214
215
216
217
218
237
238
239
240
241
242
243
265
266
267
268
269
