;;+& 20110101_010101 &-;;
; this script initializes the DSP CHANNEL NUMBERING CONFIGURATION
; it is needed to use the readChannelVar

; Author(s): D. Pescoller
;
; Copyright 2004-2008 Microgate s.r.l.
; $Revision 0.1 $ $Date: 22/12/2004
; $Revision 0.2 $ $Date: 09/03/2007 - multiple Crate connection D. Pescoller

; This file is dedicated to the LBT672a configuration.
; The columns are organized as follows:
;      1          2       3       4         5         6           7
; IncrementalNr CrateNr DspNr ChannelNr ActNr_Dsp ActNr_Coil ActNr_Mirror

; Notes: Coil N.16 is not sure (difficult reading)
; Coil N.2000 is just a provisional number, the actual number is missing.


;DSP_CONF_MAT=[ID CONNECTION_NR DSP ADDRESS_OFFSET CHANNEL_INDEX MIRROR_INDEX ... OTHER_INDEX]

;ALL indexes must be in [0..CHANNEL_NR]
;index to use
;DSP_MY_INDEX=5;

;          1           2           3           4           5           6           7
;    IncrementalNr  CrateNr      DspNr     ChannelNr   ActNr_Dsp  ActNr_Coil  ActNr_Mirror
;DSP_CONF_MAT
int 7 672

           1           1           0           0           0         429         504
           2           1           0           1           1         473         505
           3           1           0           2           2         472         506
           4           1           0           3           3         431         507
           5           1           1           0           4        1547         585
           6           1           1           1           5        1561         586
           7           1           1           2           6        1562         587
           8           1           1           3           7        1563         588
           9           1           2           0           8         471         360
          10           1           2           1           9         474         361
          11           1           2           2          10         433         362
          12           1           2           3          11         435         363
          13           1           3           0          12         430         429
          14           1           3           1          13         475         430
          15           1           3           2          14         434         431
          16           1           3           3          15         436         432
          17           1           4           0          16         283         509
          18           1           4           1          17         279         510
          19           1           4           2          18         275         511
          20           1           4           3          19        1565         590
          21           1           5           0          20        1566         591
          22           1           5           1          21        1567         592
          23           1           5           2          22        1568         593
          24           1           5           3          23        1548         594
          25           1           6           0          24         479         364
          26           1           6           1          25         486         433
          27           1           6           2          26         495         434
          28           1           6           3          27         480         435
          29           1           7           0          28         482         436
          30           1           7           1          29         221         508
          31           1           7           2          30         217         512
          32           1           7           3          31        1564         589
          33           1           8           0          32         111         513
          34           1           8           1          33         267         514
          35           1           8           2          34         263         515
          36           1           8           3          35         271         516
          37           1           9           0          36        1569         595
          38           1           9           1          37        1570         596
          39           1           9           2          38        1571         597
          40           1           9           3          39        1572         598
          41           1          10           0          40         485         367
          42           1          10           1          41         440         368
          43           1          10           2          42         247         369
          44           1          10           3          43         462         370
          45           1          11           0          44         483         437
          46           1          11           1          45         484         438
          47           1          11           2          46         441         439
          48           1          11           3          47         439         440
          49           1          12           0          48         416         246
          50           1          12           1          49         131         247
          51           1          12           2          50         465         248
          52           1          12           3          51         135         249
          53           1          13           0          52         522         304
          54           1          13           1          53         418         305
          55           1          13           2          54         464         306
          56           1          13           3          55         463         307
          57           1          14           0          56         372         298
          58           1          14           1          57         432         299
          59           1          14           2          58         520         300
          60           1          14           3          59         569         301
          61           1          15           0          60         568         302
          62           1          15           1          61         567         303
          63           1          15           2          62         521         365
          64           1          15           3          63         478         366
          65           1          16           0          64         455         189
          66           1          16           1          65         339         240
          67           1          16           2          66         481         241
          68           1          16           3          67         506         242
          69           1          17           0          68         413         243
          70           1          17           1          69         414         244
          71           1          17           2          70         415         245
          72           1          17           3          71         213         297
          73           1          18           0          72         209         144
          74           1          18           1          73         454         145
          75           1          18           2          74         453         146
          76           1          18           3          75         412         147
          77           1          19           0          76         456         190
          78           1          19           1          77         497         191
          79           1          19           2          78         498         192
          80           1          19           3          79         205         193
          81           1          20           0          80         115         148
          82           1          20           1          81         411         149
          83           1          20           2          82         422         150
          84           1          20           3          83         460         151
          85           1          21           0          84         419         194
          86           1          21           1          85         420         195
          87           1          21           2          86         421         196
          88           1          21           3          87         461         197
          89           1          22           0          88          26          72
          90           1          22           1          89          68         105
          91           1          22           2          90         114         106
          92           1          22           3          91         118         107
          93           1          23           0          92         122         108
          94           1          23           1          93         130         109
          95           1          23           2          94         126         110
          96           1          23           3          95          16         111
          97           1          24           0          96         294          47
          98           1          24           1          97           7          48
          99           1          24           2          98          60          49
         100           1          24           3          99          11          73
         101           1          25           0         100         101          74
         102           1          25           1         101           3          75
         103           1          25           2         102          97          76
         104           1          25           3         103          88          77
         105           1          26           0         104          69           0
         106           1          26           1         105         168           9
         107           1          26           2         106          21          10
         108           1          26           3         107          67          24
         109           1          27           0         108          22          25
         110           1          27           1         109          66          26
         111           1          27           2         110         180          45
         112           1          27           3         111          75          46
         113           2           0           0         112         289         527
         114           2           0           1         113         223         528
         115           2           0           2         114         219         529
         116           2           0           3         115         293         530
         117           2           1           0         116        1579         610
         118           2           1           1         117        1578         611
         119           2           1           2         118        1577         612
         120           2           1           3         119        1576         613
         121           2           2           0         120         281         379
         122           2           2           1         121         373         380
         123           2           2           2         122         374         381
         124           2           2           3         123         285         382
         125           2           3           0         124         331         450
         126           2           3           1         125         324         451
         127           2           3           2         126         320         452
         128           2           3           3         127         316         453
         129           2           4           0         128         231         523
         130           2           4           1         129         273         524
         131           2           4           2         130         227         525
         132           2           4           3         131        1585         604
         133           2           5           0         132        1584         605
         134           2           5           1         133        1583         606
         135           2           5           2         134        1582         607
         136           2           5           3         135        1581         608
         137           2           6           0         136         549         378
         138           2           6           1         137         553         446
         139           2           6           2         138         552         447
         140           2           6           3         139         378         448
         141           2           7           0         140         548         449
         142           2           7           1         141         235         522
         143           2           7           2         142         277         526
         144           2           7           3         143        1580         609
         145           2           8           0         144         147         518
         146           2           8           1         145         251         519
         147           2           8           2         146         243         520
         148           2           8           3         147        1501         599
         149           2           9           0         148        1502         600
         150           2           9           1         149        1503         601
         151           2           9           2         150        1504         602
         152           2           9           3         151        1505         603
         153           2          10           0         152         503         371
         154           2          10           1         153         459         441
         155           2          10           2         154         513         442
         156           2          10           3         155         518         443
         157           2          11           0         156         499         444
         158           2          11           1         157         559         445
         159           2          11           2         158         259         517
         160           2          11           3         159         123         521
         161           2          12           0         160         516         250
         162           2          12           1         161         515         308
         163           2          12           2         162         511         309
         164           2          12           3         163         502         310
         165           2          13           0         164         514         372
         166           2          13           1         165         512         373
         167           2          13           2         166         500         374
         168           2          13           3         167         127         375
         169           2          14           0         168         555         311
         170           2          14           1         169         556         312
         171           2          14           2         170         303         313
         172           2          14           3         171         543         314
         173           2          15           0         172         596         315
         174           2          15           1         173         370         316
         175           2          15           2         174         554         376
         176           2          15           3         175         551         377
         177           2          16           0         176         535         205
         178           2          16           1         177         558         253
         179           2          16           2         178         557         254
         180           2          16           3         179         544         255
         181           2          17           0         180         597         256
         182           2          17           1         181         598         257
         183           2          17           2         182         540         258
         184           2          17           3         183         265         317
         185           2          18           0         184         269         155
         186           2          18           1         185         546         156
         187           2          18           2         186         594         157
         188           2          18           3         187         541         158
         189           2          19           0         188         496         201
         190           2          19           1         189         547         202
         191           2          19           2         190         545         203
         192           2          19           3         191         595         204
         193           2          20           0         192         519         152
         194           2          20           1         193         508         153
         195           2          20           2         194         119         154
         196           2          20           3         195         517         198
         197           2          21           0         196         509         199
         198           2          21           1         197         505         200
         199           2          21           2         198         510         251
         200           2          21           3         199         504         252
         201           2          22           0         200         157          78
         202           2          22           1         201          62          79
         203           2          22           2         202         134         112
         204           2          22           3         203         142         113
         205           2          23           0         204         146         114
         206           2          23           1         205         150         115
         207           2          23           2         206         138         116
         208           2          23           3         207          46         117
         209           2          24           0         208          96          30
         210           2          24           1         209          52          50
         211           2          24           2         210         182          51
         212           2          24           3         211          41          52
         213           2          25           0         212         193          53
         214           2          25           1         213         158          80
         215           2          25           2         214         109          81
         216           2          25           3         215         105          82
         217           2          26           0         216          10           1
         218           2          26           1         217         167           2
         219           2          26           2         218         174          11
         220           2          26           3         219         191          12
         221           2          27           0         220         172          13
         222           2          27           1         221         184          27
         223           2          27           2         222          89          28
         224           2          27           3         223         164          29
         225           3           0           0         224         108         531
         226           3           0           1         225         215         532
         227           3           0           2         226         211         533
         228           3           0           3         227         112         534
         229           3           1           0         228        1575         614
         230           3           1           1         229        1573         615
         231           3           1           2         230        1560         616
         232           3           1           3         231        1559         617
         233           3           2           0         232         104         383
         234           3           2           1         233         299         384
         235           3           2           2         234         345         385
         236           3           2           3         235         100         386
         237           3           3           0         236         312         454
         238           3           3           1         237         325         455
         239           3           3           2         238         321         456
         240           3           3           3         239         317         457
         241           3           4           0         240         207         536
         242           3           4           1         241         203         537
         243           3           4           2         242         199         538
         244           3           4           3         243        1557         619
         245           3           5           0         244        1556         620
         246           3           5           1         245        1555         621
         247           3           5           2         246        1554         622
         248           3           5           3         247        1553         623
         249           3           6           0         248         319         387
         250           3           6           1         249         313         458
         251           3           6           2         250         309         459
         252           3           6           3         251         305         460
         253           3           7           0         252         297         461
         254           3           7           1         253         128         535
         255           3           7           2         254         124         539
         256           3           7           3         255        1558         618
         257           3           8           0         256          72         540
         258           3           8           1         257         198         541
         259           3           8           2         258         202         542
         260           3           8           3         259         206         543
         261           3           9           0         260        1552         624
         262           3           9           1         261        1551         625
         263           3           9           2         262        1550         626
         264           3           9           3         263        1549         627
         265           3          10           0         264         318         390
         266           3          10           1         265         314         391
         267           3          10           2         266         306         392
         268           3          10           3         267         310         393
         269           3          11           0         268         301         462
         270           3          11           1         269         240         463
         271           3          11           2         270         236         464
         272           3          11           3         271         248         465
         273           3          12           0         272         563         265
         274           3          12           1         273         571         266
         275           3          12           2         274         570         267
         276           3          12           3         275         575         268
         277           3          13           0         276         347         325
         278           3          13           1         277         353         326
         279           3          13           2         278         354         327
         280           3          13           3         279         355         328
         281           3          14           0         280         326         319
         282           3          14           1         281         590         320
         283           3          14           2         282         334         321
         284           3          14           3         283         346         322
         285           3          15           0         284         349         323
         286           3          15           1         285         350         324
         287           3          15           2         286         606         388
         288           3          15           3         287         322         389
         289           3          16           0         288         536         206
         290           3          16           1         289         539         259
         291           3          16           2         290         381         260
         292           3          16           3         291         386         261
         293           3          17           0         292         387         262
         294           3          17           1         293         394         263
         295           3          17           2         294         391         264
         296           3          17           3         295         330         318
         297           3          18           0         296         120         159
         298           3          18           1         297         385         160
         299           3          18           2         298         393         161
         300           3          18           3         299         116         162
         301           3          19           0         300         377         207
         302           3          19           1         301         389         208
         303           3          19           2         302         390         209
         304           3          19           3         303         395         210
         305           3          20           0         304          70         163
         306           3          20           1         305         566         164
         307           3          20           2         306         572         165
         308           3          20           3         307         577         166
         309           3          21           0         308         564         211
         310           3          21           1         309         565         212
         311           3          21           2         310         573         213
         312           3          21           3         311         574         214
         313           3          22           0         312         117          83
         314           3          22           1         313         173         118
         315           3          22           2         314         154         119
         316           3          22           3         315          12         120
         317           3          23           0         316           1         121
         318           3          23           1         317          53         122
         319           3          23           2         318          85         123
         320           3          23           3         319          56         124
         321           3          24           0         320          79          56
         322           3          24           1         321          45          57
         323           3          24           2         322          43          58
         324           3          24           3         323         113          84
         325           3          25           0         324         125          85
         326           3          25           1         325         121          86
         327           3          25           2         326         133          87
         328           3          25           3         327         129          88
         329           3          26           0         328           9           3
         330           3          26           1         329          78          14
         331           3          26           2         330          82          15
         332           3          26           3         331          15          31
         333           3          27           0         332         192          32
         334           3          27           1         333         181          33
         335           3          27           2         334         177          54
         336           3          27           3         335          44          55
         337           4           0           0         336         151         554
         338           4           0           1         337         290         555
         339           4           0           2         338         286         556
         340           4           0           3         339         225         557
         341           4           1           0         340        1533         639
         342           4           1           1         341        1532         640
         343           4           1           2         342        1531         641
         344           4           1           3         343        1530         642
         345           4           2           0         344         155         402
         346           4           2           1         345         338         403
         347           4           2           2         346         300         404
         348           4           2           3         347           8         405
         349           4           3           0         348         276         475
         350           4           3           1         349         268         476
         351           4           3           2         350         272         477
         352           4           3           3         351         264         478
         353           4           4           0         352         201         550
         354           4           4           1         353         197         551
         355           4           4           2         354         225         552
         356           4           4           3         355        1515         633
         357           4           5           0         356        1511         634
         358           4           5           1         357        1500         635
         359           4           5           2         358        1536         636
         360           4           5           3         359        1535         637
         361           4           6           0         360         332         401
         362           4           6           1         361         296         471
         363           4           6           2         362         284         472
         364           4           6           3         363         288         473
         365           4           7           0         364         280         474
         366           4           7           1         365          51         549
         367           4           7           2         366          55         553
         368           4           7           3         367        1534         638
         369           4           8           0         368         214         545
         370           4           8           1         369         218         546
         371           4           8           2         370          14         547
         372           4           8           3         371        1506         628
         373           4           9           0         372        1507         629
         374           4           9           1         373        1508         630
         375           4           9           2         374        1509         631
         376           4           9           3         375        1510         632
         377           4          10           0         376         298         394
         378           4          10           1         377         244         466
         379           4          10           2         378         256         467
         380           4          10           3         379         252         468
         381           4          11           0         380         295         469
         382           4          11           1         381         292         470
         383           4          11           2         382         210         544
         384           4          11           3         383         222         548
         385           4          12           0         384         576         269
         386           4          12           1         385         352         329
         387           4          12           2         386         356         330
         388           4          12           3         387         358         331
         389           4          13           0         388         302         395
         390           4          13           1         389         307         396
         391           4          13           2         390         470         397
         392           4          13           3         391         323         398
         393           4          14           0         392         357         332
         394           4          14           1         393         364         333
         395           4          14           2         394         368         334
         396           4          14           3         395         423         335
         397           4          15           0         396          25         336
         398           4          15           1         397         603         337
         399           4          15           2         398         327         399
         400           4          15           3         399         328         400
         401           4          16           0         400         538         222
         402           4          16           1         401         586         272
         403           4          16           2         402         526         273
         404           4          16           3         403         599         274
         405           4          17           0         404         532         275
         406           4          17           1         405         534         276
         407           4          17           2         406         537         277
         408           4          17           3         407          40         338
         409           4          18           0         408         582         170
         410           4          18           1         409         529         171
         411           4          18           2         410         531         172
         412           4          18           3         411         604         173
         413           4          19           0         412         585         218
         414           4          19           1         413         525         219
         415           4          19           2         414         530         220
         416           4          19           3         415         533         221
         417           4          20           0         416         579         167
         418           4          20           1         417         580         168
         419           4          20           2         418          92         169
         420           4          20           3         419         578         215
         421           4          21           0         420         581         216
         422           4          21           1         421         584         217
         423           4          21           2         422         583         270
         424           4          21           3         423         315         271
         425           4          22           0         424         145          89
         426           4          22           1         425         141          90
         427           4          22           2         426          94         125
         428           4          22           3         427         600         126
         429           4          23           0         428          99         127
         430           4          23           1         429         103         128
         431           4          23           2         430         107         129
         432           4          23           3         431         189         130
         433           4          24           0         432         175          37
         434           4          24           1         433          37          59
         435           4          24           2         434        2000          60
         436           4          24           3         435         188          61
         437           4          25           0         436          49          62
         438           4          25           1         437         137          91
         439           4          25           2         438         149          92
         440           4          25           3         439         153          93
         441           4          26           0         440         186           4
         442           4          26           1         441          50           5
         443           4          26           2         442         195          16
         444           4          26           3         443          87          17
         445           4          27           0         444         196          18
         446           4          27           1         445         165          34
         447           4          27           2         446         190          35
         448           4          27           3         447          73          36
         449           5           0           0         448          54         558
         450           5           0           1         449         282         559
         451           5           0           2         450         278         560
         452           5           0           3         451          71         561
         453           5           1           0         452        1529         643
         454           5           1           1         453        1528         644
         455           5           1           2         454        1527         645
         456           5           1           3         455        1526         646
         457           5           2           0         456         361         406
         458           5           2           1         457         365         407
         459           5           2           2         458         369         408
         460           5           2           3         459         139         409
         461           5           3           0         460         143         479
         462           5           3           1         461         260         480
         463           5           3           2         462         232         481
         464           5           3           3         463         228         482
         465           5           4           0         464         274         563
         466           5           4           1         465         270         564
         467           5           4           2         466         266         565
         468           5           4           3         467        1524         648
         469           5           5           0         468        1523         649
         470           5           5           1         469        1522         650
         471           5           5           2         470        1521         651
         472           5           5           3         471        1513         652
         473           5           6           0         472         523         410
         474           5           6           1         473         220         483
         475           5           6           2         474         224         484
         476           5           6           3         475         216         485
         477           5           7           0         476         212         486
         478           5           7           1         477         156         562
         479           5           7           2         478         239         566
         480           5           7           3         479        1525         647
         481           5           8           0         480         144         567
         482           5           8           1         481         262         568
         483           5           8           2         482         258         569
         484           5           8           3         483         254         570
         485           5           9           0         484        1520         653
         486           5           9           1         485        1587         654
         487           5           9           2         486        1586         655
         488           5           9           3         487        1519         656
         489           5          10           0         488         409         413
         490           5          10           1         489         408         414
         491           5          10           2         490         407         415
         492           5          10           3         491         405         416
         493           5          11           0         492         208         487
         494           5          11           1         493         204         488
         495           5          11           2         494         200         489
         496           5          11           3         495         329         490
         497           5          12           0         496         379         284
         498           5          12           1         497         383         285
         499           5          12           2         498         382         286
         500           5          12           3         499         396         287
         501           5          13           0         500         342         346
         502           5          13           1         501         344         347
         503           5          13           2         502         343         348
         504           5          13           3         503         348         349
         505           5          14           0         504         308         340
         506           5          14           1         505         528         341
         507           5          14           2         506          32         342
         508           5          14           3         507         336         343
         509           5          15           0         508         335         344
         510           5          15           1         509         340         345
         511           5          15           2         510         550         411
         512           5          15           3         511         602         412
         513           5          16           0         512         587         223
         514           5          16           1         513         542         278
         515           5          16           2         514         588         279
         516           5          16           3         515         592         280
         517           5          17           0         516         376         281
         518           5          17           1         517         375         282
         519           5          17           2         518         380         283
         520           5          17           3         519         304         339
         521           5          18           0         520         148         174
         522           5          18           1         521         589         175
         523           5          18           2         522         593         176
         524           5          18           3         523         152         177
         525           5          19           0         524         591         224
         526           5          19           1         525         487         225
         527           5          19           2         526         488         226
         528           5          19           3         527         445         227
         529           5          20           0         528         398         178
         530           5          20           1         529         136         179
         531           5          20           2         530         493         180
         532           5          20           3         531         494         181
         533           5          21           0         532         444         228
         534           5          21           1         533         447         229
         535           5          21           2         534         446         230
         536           5          21           3         535         490         231
         537           5          22           0         536          81          94
         538           5          22           1         537         162         131
         539           5          22           2         538          18         132
         540           5          22           3         539          65         133
         541           5          23           0         540          38         134
         542           5          23           1         541          42         135
         543           5          23           2         542           6         136
         544           5          23           3         543         166         137
         545           5          24           0         544         185          65
         546           5          24           1         545          84          66
         547           5          24           2         546          77          67
         548           5          24           3         547          13          95
         549           5          25           0         548          57          96
         550           5          25           1         549          91          97
         551           5          25           2         550           4          98
         552           5          25           3         551          76          99
         553           5          26           0         552         161           6
         554           5          26           1         553          93          19
         555           5          26           2         554         163          20
         556           5          26           3         555         194          38
         557           5          27           0         556          58          39
         558           5          27           1         557         178          40
         559           5          27           2         558          95          63
         560           5          27           3         559         171          64
         561           6           0           0         560         237         581
         562           6           0           1         561         238         582
         563           6           0           2         562         287         583
         564           6           0           3         563         241         584
         565           6           1           0         564        1542         668
         566           6           1           1         565        1544         669
         567           6           1           2         566        1545         670
         568           6           1           3         567        1546         671
         569           6           2           0         568         229         425
         570           6           2           1         569         425         426
         571           6           2           2         570         477         427
         572           6           2           3         571         233         428
         573           6           3           0         572         371         500
         574           6           3           1         573         424         501
         575           6           3           2         574         476         502
         576           6           3           3         575         426         503
         577           6           4           0         576         234         577
         578           6           4           1         577         230         578
         579           6           4           2         578         226         579
         580           6           4           3         579        1539         662
         581           6           5           0         580        1540         663
         582           6           5           1         581        1538         664
         583           6           5           2         582        1537         665
         584           6           5           3         583        1543         666
         585           6           6           0         584         397         424
         586           6           6           1         585         562         496
         587           6           6           2         586         443         497
         588           6           6           3         587         442         498
         589           6           7           0         588         469         499
         590           6           7           1         589         257         576
         591           6           7           2         590         261         580
         592           6           7           3         591        1541         667
         593           6           8           0         592         246         572
         594           6           8           1         593         242         573
         595           6           8           2         594         291         574
         596           6           8           3         595        1518         657
         597           6           9           0         596        1517         658
         598           6           9           1         597        1514         659
         599           6           9           2         598        1574         660
         600           6           9           3         599        1512         661
         601           6          10           0         600         406         417
         602           6          10           1         601         333         491
         603           6          10           2         602         601         492
         604           6          10           3         603         337         493
         605           6          11           0         604         560         494
         606           6          11           1         605         561         495
         607           6          11           2         606         250         571
         608           6          11           3         607         140         575
         609           6          12           0         608         392         288
         610           6          12           1         609         351         350
         611           6          12           2         610         359         351
         612           6          12           3         611         360         352
         613           6          13           0         612         403         418
         614           6          13           1         613         404         419
         615           6          13           2         614         402         420
         616           6          13           3         615         401         421
         617           6          14           0         616         363         353
         618           6          14           1         617         362         354
         619           6          14           2         618         367         355
         620           6          14           3         619         468         356
         621           6          15           0         620         466         357
         622           6          15           1         621         366         358
         623           6          15           2         622         400         422
         624           6          15           3         623         399         423
         625           6          16           0         624         457         239
         626           6          16           1         625         437         291
         627           6          16           2         626         438         292
         628           6          16           3         627         467         293
         629           6          17           0         628         428         294
         630           6          17           1         629         427         295
         631           6          17           2         630         524         296
         632           6          17           3         631         253         359
         633           6          18           0         632         451         185
         634           6          18           1         633         450         186
         635           6          18           2         634         452         187
         636           6          18           3         635         249         188
         637           6          19           0         636         245         235
         638           6          19           1         637         501         236
         639           6          19           2         638         507         237
         640           6          19           3         639         458         238
         641           6          20           0         640         448         182
         642           6          20           1         641         449         183
         643           6          20           2         642         132         184
         644           6          20           3         643         489         232
         645           6          21           0         644         492         233
         646           6          21           1         645         491         234
         647           6          21           2         646         388         289
         648           6          21           3         647         384         290
         649           6          22           0         648          86         100
         650           6          22           1         649          59         101
         651           6          22           2         650         159         138
         652           6          22           3         651         102         139
         653           6          23           0         652          98         140
         654           6          23           1         653         106         141
         655           6          23           2         654         110         142
         656           6          23           3         655         176         143
         657           6          24           0         656         183          44
         658           6          24           1         657          90          68
         659           6          24           2         658          64          69
         660           6          24           3         659         179          70
         661           6          25           0         660           2          71
         662           6          25           1         661          23         102
         663           6          25           2         662          80         103
         664           6          25           3         663          61         104
         665           6          26           0         664         605           7
         666           6          26           1         665           5           8
         667           6          26           2         666          33          21
         668           6          26           3         667          47          22
         669           6          27           0         668          48          23
         670           6          27           1         669         169          41
         671           6          27           2         670         170          42
         672           6          27           3         671          83          43
        
    