3540
3541
3542
3543
3544
3545
3546
3547
3548
3549
3550
3618
3619
3620
3621
3622
3623
3624
3625
3626
3627
3628
3629
3630
3631
3632
3697
3698
3699
3700
3701
3702
3703
3704
3705
3706
3707
3708
3709
3710
3711
3712
3713
3714
3775
3776
3777
3778
3779
3780
3781
3782
3783
3784
3785
3786
3787
3788
3789
3790
3791
3792
3793
3794
3795
3855
3856
3857
3858
3859
3860
3861
3862
3863
3864
3865
3866
3867
3868
3869
3870
3871
3872
3873
3874
3875
3876
3934
3935
3936
3937
3938
3939
3940
3941
3942
3943
3944
3945
3946
3947
3948
3949
3950
3951
3952
3953
3954
3955
3956
4013
4014
4015
4016
4017
4018
4019
4020
4021
4022
4023
4024
4025
4026
4027
4028
4029
4030
4031
4032
4033
4034
4035
4036
4037
4093
4094
4095
4096
4097
4098
4099
4100
4101
4102
4103
4104
4105
4106
4107
4108
4109
4110
4111
4112
4113
4114
4115
4116
4117
4172
4173
4174
4175
4176
4177
4178
4179
4180
4181
4182
4183
4184
4185
4186
4187
4188
4189
4190
4191
4192
4193
4194
4195
4196
4197
4198
4252
4253
4254
4255
4256
4257
4258
4259
4260
4261
4262
4263
4267
4268
4269
4270
4271
4272
4273
4274
4275
4276
4277
4278
4332
4333
4334
4335
4336
4337
4338
4339
4340
4341
4349
4350
4351
4352
4353
4354
4355
4356
4357
4358
4412
4413
4414
4415
4416
4417
4418
4419
4420
4421
4429
4430
4431
4432
4433
4434
4435
4436
4437
4438
4492
4493
4494
4495
4496
4497
4498
4499
4500
4501
4509
4510
4511
4512
4513
4514
4515
4516
4517
4518
4572
4573
4574
4575
4576
4577
4578
4579
4580
4589
4590
4591
4592
4593
4594
4595
4596
4597
4598
4652
4653
4654
4655
4656
4657
4658
4659
4660
4661
4669
4670
4671
4672
4673
4674
4675
4676
4677
4678
4732
4733
4734
4735
4736
4737
4738
4739
4740
4741
4749
4750
4751
4752
4753
4754
4755
4756
4757
4758
4812
4813
4814
4815
4816
4817
4818
4819
4820
4821
4822
4828
4829
4830
4831
4832
4833
4834
4835
4836
4837
4838
4892
4893
4894
4895
4896
4897
4898
4899
4900
4901
4902
4903
4904
4905
4906
4907
4908
4909
4910
4911
4912
4913
4914
4915
4916
4917
4918
4973
4974
4975
4976
4977
4978
4979
4980
4981
4982
4983
4984
4985
4986
4987
4988
4989
4990
4991
4992
4993
4994
4995
4996
4997
4998
5053
5054
5055
5056
5057
5058
5059
5060
5061
5062
5063
5064
5065
5066
5067
5068
5069
5070
5071
5072
5073
5074
5075
5076
5077
5134
5135
5136
5137
5138
5139
5140
5141
5142
5143
5144
5145
5146
5147
5148
5149
5150
5151
5152
5153
5154
5155
5156
5157
5215
5216
5217
5218
5219
5220
5221
5222
5223
5224
5225
5226
5227
5228
5229
5230
5231
5232
5233
5234
5235
5236
5295
5296
5297
5298
5299
5300
5301
5302
5303
5304
5305
5306
5307
5308
5309
5310
5311
5312
5313
5314
5315
5316
5376
5377
5378
5379
5380
5381
5382
5383
5384
5385
5386
5387
5388
5389
5390
5391
5392
5393
5394
5458
5459
5460
5461
5462
5463
5464
5465
5466
5467
5468
5469
5470
5471
5472
5473
5540
5541
5542
5543
5544
5545
5546
5547
5548
5549
5550
5551
5552
5622
5623
5624
5625
5626
5627
5628
5629
5630
5631
3576
3577
3578
3579
3580
3581
3582
3583
3584
3585
3586
3654
3655
3656
3657
3658
3659
3660
3661
3662
3663
3664
3665
3666
3667
3668
3733
3734
3735
3736
3737
3738
3739
3740
3741
3742
3743
3744
3745
3746
3747
3748
3749
3750
3811
3812
3813
3814
3815
3816
3817
3818
3819
3820
3821
3822
3823
3824
3825
3826
3827
3828
3829
3830
3831
3891
3892
3893
3894
3895
3896
3897
3898
3899
3900
3901
3902
3903
3904
3905
3906
3907
3908
3909
3910
3911
3912
3970
3971
3972
3973
3974
3975
3976
3977
3978
3979
3980
3981
3982
3983
3984
3985
3986
3987
3988
3989
3990
3991
3992
4049
4050
4051
4052
4053
4054
4055
4056
4057
4058
4059
4060
4061
4062
4063
4064
4065
4066
4067
4068
4069
4070
4071
4072
4073
4129
4130
4131
4132
4133
4134
4135
4136
4137
4138
4139
4140
4141
4142
4143
4144
4145
4146
4147
4148
4149
4150
4151
4152
4153
4208
4209
4210
4211
4212
4213
4214
4215
4216
4217
4218
4219
4220
4221
4222
4223
4224
4225
4226
4227
4228
4229
4230
4231
4232
4233
4234
4288
4289
4290
4291
4292
4293
4294
4295
4296
4297
4298
4299
4303
4304
4305
4306
4307
4308
4309
4310
4311
4312
4313
4314
4368
4369
4370
4371
4372
4373
4374
4375
4376
4377
4385
4386
4387
4388
4389
4390
4391
4392
4393
4394
4448
4449
4450
4451
4452
4453
4454
4455
4456
4457
4465
4466
4467
4468
4469
4470
4471
4472
4473
4474
4528
4529
4530
4531
4532
4533
4534
4535
4536
4537
4545
4546
4547
4548
4549
4550
4551
4552
4553
4554
4608
4609
4610
4611
4612
4613
4614
4615
4616
4625
4626
4627
4628
4629
4630
4631
4632
4633
4634
4688
4689
4690
4691
4692
4693
4694
4695
4696
4697
4705
4706
4707
4708
4709
4710
4711
4712
4713
4714
4768
4769
4770
4771
4772
4773
4774
4775
4776
4777
4785
4786
4787
4788
4789
4790
4791
4792
4793
4794
4848
4849
4850
4851
4852
4853
4854
4855
4856
4857
4858
4864
4865
4866
4867
4868
4869
4870
4871
4872
4873
4874
4928
4929
4930
4931
4932
4933
4934
4935
4936
4937
4938
4939
4940
4941
4942
4943
4944
4945
4946
4947
4948
4949
4950
4951
4952
4953
4954
5009
5010
5011
5012
5013
5014
5015
5016
5017
5018
5019
5020
5021
5022
5023
5024
5025
5026
5027
5028
5029
5030
5031
5032
5033
5034
5089
5090
5091
5092
5093
5094
5095
5096
5097
5098
5099
5100
5101
5102
5103
5104
5105
5106
5107
5108
5109
5110
5111
5112
5113
5170
5171
5172
5173
5174
5175
5176
5177
5178
5179
5180
5181
5182
5183
5184
5185
5186
5187
5188
5189
5190
5191
5192
5193
5251
5252
5253
5254
5255
5256
5257
5258
5259
5260
5261
5262
5263
5264
5265
5266
5267
5268
5269
5270
5271
5272
5331
5332
5333
5334
5335
5336
5337
5338
5339
5340
5341
5342
5343
5344
5345
5346
5347
5348
5349
5350
5351
5352
5412
5413
5414
5415
5416
5417
5418
5419
5420
5421
5422
5423
5424
5425
5426
5427
5428
5429
5430
5494
5495
5496
5497
5498
5499
5500
5501
5502
5503
5504
5505
5506
5507
5508
5509
5576
5577
5578
5579
5580
5581
5582
5583
5584
5585
5586
5587
5588
5658
5659
5660
5661
5662
5663
5664
5665
5666
5667
696
697
698
699
700
701
702
703
704
705
706
774
775
776
777
778
779
780
781
782
783
784
785
786
787
788
853
854
855
856
857
858
859
860
861
862
863
864
865
866
867
868
869
870
931
932
933
934
935
936
937
938
939
940
941
942
943
944
945
946
947
948
949
950
951
1011
1012
1013
1014
1015
1016
1017
1018
1019
1020
1021
1022
1023
1024
1025
1026
1027
1028
1029
1030
1031
1032
1090
1091
1092
1093
1094
1095
1096
1097
1098
1099
1100
1101
1102
1103
1104
1105
1106
1107
1108
1109
1110
1111
1112
1169
1170
1171
1172
1173
1174
1175
1176
1177
1178
1179
1180
1181
1182
1183
1184
1185
1186
1187
1188
1189
1190
1191
1192
1193
1249
1250
1251
1252
1253
1254
1255
1256
1257
1258
1259
1260
1261
1262
1263
1264
1265
1266
1267
1268
1269
1270
1271
1272
1273
1328
1329
1330
1331
1332
1333
1334
1335
1336
1337
1338
1339
1340
1341
1342
1343
1344
1345
1346
1347
1348
1349
1350
1351
1352
1353
1354
1408
1409
1410
1411
1412
1413
1414
1415
1416
1417
1418
1419
1423
1424
1425
1426
1427
1428
1429
1430
1431
1432
1433
1434
1488
1489
1490
1491
1492
1493
1494
1495
1496
1497
1505
1506
1507
1508
1509
1510
1511
1512
1513
1514
1568
1569
1570
1571
1572
1573
1574
1575
1576
1577
1585
1586
1587
1588
1589
1590
1591
1592
1593
1594
1648
1649
1650
1651
1652
1653
1654
1655
1656
1657
1665
1666
1667
1668
1669
1670
1671
1672
1673
1674
1728
1729
1730
1731
1732
1733
1734
1735
1736
1745
1746
1747
1748
1749
1750
1751
1752
1753
1754
1808
1809
1810
1811
1812
1813
1814
1815
1816
1817
1825
1826
1827
1828
1829
1830
1831
1832
1833
1834
1888
1889
1890
1891
1892
1893
1894
1895
1896
1897
1905
1906
1907
1908
1909
1910
1911
1912
1913
1914
1968
1969
1970
1971
1972
1973
1974
1975
1976
1977
1978
1984
1985
1986
1987
1988
1989
1990
1991
1992
1993
1994
2048
2049
2050
2051
2052
2053
2054
2055
2056
2057
2058
2059
2060
2061
2062
2063
2064
2065
2066
2067
2068
2069
2070
2071
2072
2073
2074
2129
2130
2131
2132
2133
2134
2135
2136
2137
2138
2139
2140
2141
2142
2143
2144
2145
2146
2147
2148
2149
2150
2151
2152
2153
2154
2209
2210
2211
2212
2213
2214
2215
2216
2217
2218
2219
2220
2221
2222
2223
2224
2225
2226
2227
2228
2229
2230
2231
2232
2233
2290
2291
2292
2293
2294
2295
2296
2297
2298
2299
2300
2301
2302
2303
2304
2305
2306
2307
2308
2309
2310
2311
2312
2313
2371
2372
2373
2374
2375
2376
2377
2378
2379
2380
2381
2382
2383
2384
2385
2386
2387
2388
2389
2390
2391
2392
2451
2452
2453
2454
2455
2456
2457
2458
2459
2460
2461
2462
2463
2464
2465
2466
2467
2468
2469
2470
2471
2472
2532
2533
2534
2535
2536
2537
2538
2539
2540
2541
2542
2543
2544
2545
2546
2547
2548
2549
2550
2614
2615
2616
2617
2618
2619
2620
2621
2622
2623
2624
2625
2626
2627
2628
2629
2696
2697
2698
2699
2700
2701
2702
2703
2704
2705
2706
2707
2708
2778
2779
2780
2781
2782
2783
2784
2785
2786
2787
660
661
662
663
664
665
666
667
668
669
670
738
739
740
741
742
743
744
745
746
747
748
749
750
751
752
817
818
819
820
821
822
823
824
825
826
827
828
829
830
831
832
833
834
895
896
897
898
899
900
901
902
903
904
905
906
907
908
909
910
911
912
913
914
915
975
976
977
978
979
980
981
982
983
984
985
986
987
988
989
990
991
992
993
994
995
996
1054
1055
1056
1057
1058
1059
1060
1061
1062
1063
1064
1065
1066
1067
1068
1069
1070
1071
1072
1073
1074
1075
1076
1133
1134
1135
1136
1137
1138
1139
1140
1141
1142
1143
1144
1145
1146
1147
1148
1149
1150
1151
1152
1153
1154
1155
1156
1157
1213
1214
1215
1216
1217
1218
1219
1220
1221
1222
1223
1224
1225
1226
1227
1228
1229
1230
1231
1232
1233
1234
1235
1236
1237
1292
1293
1294
1295
1296
1297
1298
1299
1300
1301
1302
1303
1304
1305
1306
1307
1308
1309
1310
1311
1312
1313
1314
1315
1316
1317
1318
1372
1373
1374
1375
1376
1377
1378
1379
1380
1381
1382
1383
1387
1388
1389
1390
1391
1392
1393
1394
1395
1396
1397
1398
1452
1453
1454
1455
1456
1457
1458
1459
1460
1461
1469
1470
1471
1472
1473
1474
1475
1476
1477
1478
1532
1533
1534
1535
1536
1537
1538
1539
1540
1541
1549
1550
1551
1552
1553
1554
1555
1556
1557
1558
1612
1613
1614
1615
1616
1617
1618
1619
1620
1621
1629
1630
1631
1632
1633
1634
1635
1636
1637
1638
1692
1693
1694
1695
1696
1697
1698
1699
1700
1709
1710
1711
1712
1713
1714
1715
1716
1717
1718
1772
1773
1774
1775
1776
1777
1778
1779
1780
1781
1789
1790
1791
1792
1793
1794
1795
1796
1797
1798
1852
1853
1854
1855
1856
1857
1858
1859
1860
1861
1869
1870
1871
1872
1873
1874
1875
1876
1877
1878
1932
1933
1934
1935
1936
1937
1938
1939
1940
1941
1942
1948
1949
1950
1951
1952
1953
1954
1955
1956
1957
1958
2012
2013
2014
2015
2016
2017
2018
2019
2020
2021
2022
2023
2024
2025
2026
2027
2028
2029
2030
2031
2032
2033
2034
2035
2036
2037
2038
2093
2094
2095
2096
2097
2098
2099
2100
2101
2102
2103
2104
2105
2106
2107
2108
2109
2110
2111
2112
2113
2114
2115
2116
2117
2118
2173
2174
2175
2176
2177
2178
2179
2180
2181
2182
2183
2184
2185
2186
2187
2188
2189
2190
2191
2192
2193
2194
2195
2196
2197
2254
2255
2256
2257
2258
2259
2260
2261
2262
2263
2264
2265
2266
2267
2268
2269
2270
2271
2272
2273
2274
2275
2276
2277
2335
2336
2337
2338
2339
2340
2341
2342
2343
2344
2345
2346
2347
2348
2349
2350
2351
2352
2353
2354
2355
2356
2415
2416
2417
2418
2419
2420
2421
2422
2423
2424
2425
2426
2427
2428
2429
2430
2431
2432
2433
2434
2435
2436
2496
2497
2498
2499
2500
2501
2502
2503
2504
2505
2506
2507
2508
2509
2510
2511
2512
2513
2514
2578
2579
2580
2581
2582
2583
2584
2585
2586
2587
2588
2589
2590
2591
2592
2593
2660
2661
2662
2663
2664
2665
2666
2667
2668
2669
2670
2671
2672
2742
2743
2744
2745
2746
2747
2748
2749
2750
2751
