
#Columns:
# 0    1   2     3     4    5                   6           7    8     9        10       11       12       13     14      15     16
mag  bin freq  phot  modes rec                slopenull    tt   gain  fw1_acq  fw2_acq  fw1_obs  fw2_obs  TVbin  TVfreq  TVavg  TVflux

8.5   1  1000  213   351   20090609_142233    zero         2    0.5    4         0        0        0      16     3.5      10     5000
9.5   1  1000  85    351   20090609_142233    zero         2    0.5    4         0        0        0      16     3.5      10     5000
10.5  2  800   166   153   20090710_162517    zero         3    0.9    4         0        0        0      16     3.5      10     5000
11.5  2  625   84    153   20090710_162517    zero         3    0.9    4         0        0        0      16     3.5      10     5000
12.5  2  625   34    153   20090710_162517    zero         3    0.8    4         0        0        0      16     3.5      10     5000
13.5  2  550   15    120   20090710_162517    zero         3    0.9    4         0        0        0      16     3.5      10     5000
14.5  3  200   35    66    20090713_180550    zero         6    0.9    4         0        0        0      16     3.5      10     5000
15.5  4  200   28    36    20090714_160638    zero         6    0.8    4         0        0        0      16     3.5      10     5000
16.5  4  625   22    36    20090714_160638    zero         6    0.9    4         0        0        0      16     3.5      10     5000
