;;+& 20110101_010101 &-;;

proj         array
float           8           4
  0.00098802801
 -0.00031080423
      0.0000000
   -0.037510388
 -0.00089401519
  0.00013090821
    -0.67515171
      0.0000000
      0.0000000
 -0.00031080423
      0.0000000
     0.70529217
   0.0016744018
   0.0019247992
     0.20703241
      0.0000000
      0.0000000
      0.0000000
      0.0000000
      0.0000000
      0.0000000
      0.0000000
      0.0000000
      0.0000000
      0.0000000
      0.0000000
      0.0000000
      0.0000000
      0.0000000
      0.0000000
      0.0000000
      0.0000000
end
filter_coeff structure "./null_filter_coeff.txt"
gain     float     1.0   ;3.65e-6

