;;+& 20110101_010101 &-;;
float         672
  -0.0021715909
 -0.00061116117
  -0.0012662651
  -0.0016302760
  -0.0014736730
  -0.0018627370
  -0.0014938700
   -0.044044439
  -0.0015617470
  -0.0027144919
 -0.00097083719
  -0.0021352430
  -0.0013556760
  -0.0023546570
  -0.0016079230
  -0.0021366479
  -0.0019678001
  -0.0021128410
 -0.00029330110
  -0.0020255020
  -0.0015468780
  -0.0015016960
  -0.0017423570
  -0.0012220180
  -0.0014452609
 -0.00077185460
  -0.0010866870
  -0.0022582670
  -0.0017109920
  -0.0012840170
  -0.0020660311
  -0.0012548760
  -0.0029568081
  -0.0021695180
  -0.0016002150
  -0.0014355520
  -0.0012434580
  -0.0016043280
 -0.00099290069
  -0.0012572100
  -0.0013250210
 -0.00091027172
  -0.0016024320
  -0.0016801150
  -0.0020975489
  -0.0025154890
  -0.0015192539
  -0.0014432380
  -0.0015340040
  -0.0014649070
  -0.0025962261
  -0.0018776340
  -0.0016838351
  -0.0019198790
  -0.0022233131
  -0.0014420680
  -0.0017086760
  -0.0015606000
  -0.0013635920
  -0.0015013820
  -0.0015784620
  -0.0017314670
  -0.0018391360
  -0.0021143069
  -0.0016859770
  -0.0012418251
  -0.0012234960
  -0.0016741840
  -0.0021335720
  -0.0024957799
 -0.00055318233
 -0.00081288110
  -0.0020826929
  -0.0016591860
  -0.0020224249
 -0.00092761498
  -0.0025650831
  -0.0018872460
   0.0060941861
  -0.0019175980
  -0.0037147361
  -0.0023245751
 -0.00099666114
  -0.0022409970
  -0.0028274159
  -0.0020184161
  -0.0010234340
  -0.0013406140
  -0.0011330760
  -0.0011835670
  -0.0029724429
  -0.0032379811
  -0.0029224840
  -0.0034396939
  -0.0032052239
  -0.0012467600
  -0.0015712969
  -0.0029895511
  -0.0015472680
  -0.0015870139
  -0.0015524050
  -0.0016742350
 -0.00091296982
  -0.0011266130
  -0.0015011680
  -0.0020883470
 -0.00094238581
  -0.0012975110
  -0.0014722520
  -0.0015529800
  -0.0021758620
  -0.0017277451
  -0.0015612580
  -0.0017676830
  -0.0013607320
  -0.0019953181
  -0.0016675050
  -0.0014028170
  -0.0015885410
  -0.0014745611
 -0.00083109952
  -0.0023307891
 -0.00036771680
  -0.0014282570
  -0.0017860100
  -0.0017588760
  -0.0015663210
  -0.0022725030
  -0.0015035000
  -0.0013921600
  -0.0023565891
  -0.0013587730
  -0.0015156480
  -0.0012085940
  -0.0019680869
  -0.0014916470
  -0.0020708940
 -0.00085844722
  -0.0011208340
  -0.0013350010
  -0.0012415880
  -0.0019191240
  -0.0027270040
  -0.0012329851
  -0.0015364040
  -0.0015730180
  -0.0017415490
  -0.0011482800
  -0.0013876400
  -0.0014796960
  -0.0013576110
  -0.0016684510
  -0.0013405230
  -0.0018283470
  -0.0015400680
  -0.0020635901
  -0.0012408380
  -0.0012398880
  -0.0051003881
  -0.0029600710
  -0.0013688999
  -0.0019849390
  -0.0017413680
  -0.0018137899
  -0.0021009210
  -0.0017031170
  -0.0026744539
  -0.0031398111
 -0.00092993543
  -0.0014715530
  -0.0024671729
 -0.00070666231
  -0.0015472210
  -0.0015015670
  -0.0017375700
  -0.0013869810
  -0.0011718300
  -0.0012494230
  -0.0017542660
  -0.0013108910
  -0.0016749540
  -0.0014350649
  -0.0015256590
  -0.0026636659
  -0.0013181340
  -0.0013941160
  -0.0010113580
  -0.0017533480
  -0.0020223230
  -0.0015026140
  -0.0012447750
  -0.0012460810
  -0.0018451780
  -0.0015461750
  -0.0033037821
  -0.0017558211
  -0.0018386330
  -0.0015907451
  -0.0014147020
  -0.0025882970
  -0.0023358800
  -0.0015363510
  -0.0022515920
  -0.0017547540
  -0.0015853340
  -0.0017995170
  -0.0020684041
  -0.0013491570
  -0.0015696210
  -0.0013930820
  -0.0020905640
  -0.0014946740
  -0.0011112720
  -0.0017136890
  -0.0026526710
  -0.0013669300
  -0.0018629330
  -0.0012120790
  -0.0012711470
  -0.0026886589
  -0.0020783539
  -0.0010696860
  -0.0016773390
  -0.0011207761
  -0.0033518821
  -0.0016269051
  -0.0013211221
  -0.0010537161
  -0.0011903340
  -0.0017390150
  -0.0013299800
  -0.0015582290
  -0.0014191880
  -0.0022042589
  -0.0015111300
  -0.0010303800
  -0.0020678909
  -0.0028870781
  -0.0017330321
  -0.0022120851
  -0.0015590050
  -0.0018314580
  -0.0016608650
  -0.0014563840
  -0.0013793940
  -0.0011712080
  -0.0014680650
  -0.0013762510
 -0.00089590769
  -0.0026130350
 -0.00088490522
  -0.0018069530
  -0.0013523720
  -0.0015905200
  -0.0010004110
  -0.0016931940
  -0.0013589020
  -0.0016733970
  -0.0025421220
 -0.00069197553
  -0.0013995300
  -0.0018080469
  -0.0017582000
  -0.0010659790
  -0.0014841401
  -0.0024994891
  -0.0013793421
  -0.0023274720
  -0.0012084250
  -0.0018547960
  -0.0013919240
 -0.00081070542
  -0.0010792660
  -0.0012025310
  -0.0015712690
  -0.0016183810
  -0.0011967140
  -0.0024835151
 -0.00092952017
 -0.00048540230
  -0.0020985520
  -0.0015533559
 -0.00098273787
 -0.00081084669
  -0.0016710780
  -0.0017234340
  -0.0012180900
  -0.0010175790
  -0.0011545430
  -0.0013604501
  -0.0014600360
  -0.0012326390
  -0.0023455610
  -0.0020675010
  -0.0019505030
  -0.0021177770
  -0.0025859310
  -0.0014933120
  -0.0018682840
  -0.0018390180
  -0.0016245120
  -0.0019583150
  -0.0010765460
  -0.0018155799
  -0.0012191921
  -0.0018961310
  -0.0012489280
  -0.0012796960
  -0.0016887380
  -0.0014413730
  -0.0015333670
  -0.0013383219
  -0.0029088659
  -0.0022510290
  -0.0021752389
  -0.0014041240
  -0.0029195291
  -0.0010760560
  -0.0019142620
  -0.0015868150
  -0.0015080740
  -0.0012724310
  -0.0014202510
  -0.0033523249
  -0.0032632069
  -0.0031314830
  -0.0034223611
  -0.0036225920
  -0.0013408960
  -0.0014527900
  -0.0014340919
  -0.0018573370
  -0.0019211030
  -0.0018198000
  -0.0022585820
  -0.0012142230
  -0.0014692800
  -0.0015030220
 -0.00086224353
  -0.0019654201
  -0.0018177830
  -0.0015532840
  -0.0010997810
  -0.0015597950
  -0.0020834659
  -0.0014719840
  -0.0015630079
  -0.0011772350
  -0.0021370931
  -0.0011329630
  -0.0022825620
  -0.0023274601
  -0.0022126450
  -0.0015582530
  -0.0019654201
  -0.0012912760
  -0.0011315530
 -0.00066749740
  -0.0021130829
  -0.0010746550
  -0.0017167450
  -0.0013155170
 -0.00097202131
  -0.0024878129
  -0.0021297031
  -0.0016505090
  -0.0010916319
  -0.0016407340
  -0.0023775280
  -0.0023355749
  -0.0015411481
  -0.0013419950
  -0.0012380200
  -0.0012031660
  -0.0018094670
  -0.0014506680
  -0.0010713250
  -0.0016778730
  -0.0018673490
  -0.0015756820
  -0.0013473810
  -0.0011148340
  -0.0012860270
  -0.0017370050
  -0.0025254530
  -0.0018763980
  -0.0019555001
  -0.0010153790
  -0.0018639721
  -0.0018784030
  -0.0019680329
  -0.0021436091
  -0.0021033981
  -0.0016794030
  -0.0016827940
  -0.0019608571
  -0.0012175970
  -0.0012856340
  -0.0013614460
  -0.0024240471
  -0.0015828310
  -0.0013891840
  -0.0012294610
  -0.0017968200
  -0.0013175040
  -0.0014232240
  -0.0011423320
  -0.0014425840
  -0.0017388080
  -0.0021161779
    0.010224850
  -0.0011435560
  -0.0010780800
  -0.0024645219
 -0.00086650770
  -0.0014798560
  -0.0012242571
  -0.0012109500
  -0.0018407750
  -0.0013831570
  -0.0011378310
  -0.0013315240
  -0.0016423790
  -0.0013858090
  -0.0023380111
  -0.0010794790
  -0.0010560181
  -0.0016613069
  -0.0016334060
  -0.0015369100
  -0.0032221640
  -0.0020819809
  -0.0010536540
  -0.0013363640
 -0.00068780401
  -0.0017282719
  -0.0014762280
  -0.0029872661
  -0.0011430930
  -0.0014395370
  -0.0014246660
  -0.0017870771
  -0.0026655910
 -0.00086998497
  -0.0015636780
  -0.0014502100
  -0.0013968380
  -0.0015604240
  -0.0013807249
  -0.0011636741
  -0.0020963959
  -0.0013606080
  -0.0013413080
  -0.0015559370
  -0.0014688250
  -0.0017051690
  -0.0023928750
  -0.0022637700
  -0.0021429870
 -0.00097510969
  -0.0012059620
  -0.0025645201
  -0.0019712851
  -0.0022768651
  -0.0020281021
  -0.0012887920
  -0.0012337050
  -0.0014594550
  -0.0010984651
  -0.0013696339
  -0.0010719470
  -0.0011840290
  -0.0016918380
  -0.0019782879
  -0.0025558190
  -0.0020044169
 -0.00090580242
  -0.0021044351
  -0.0010178630
  -0.0014034330
  -0.0018266590
  -0.0023497329
  -0.0017140110
  -0.0015187410
  -0.0017258000
  -0.0012959220
  -0.0010872590
  -0.0012463180
  -0.0018859690
  -0.0023205371
  -0.0010309750
  -0.0015944310
  -0.0028305140
  -0.0010914610
  -0.0017349150
  -0.0011114090
  -0.0011664310
  -0.0026987940
  -0.0012873920
  -0.0013543570
  -0.0024328330
  -0.0022173731
  -0.0016912640
  -0.0015720380
 -0.00088076282
  -0.0013798770
    0.010217910
  -0.0021579061
  -0.0020124679
  -0.0015200150
  -0.0020906620
  -0.0017282889
 -0.00099269953
  -0.0018943870
  -0.0014790160
  -0.0015556960
  -0.0020155390
  -0.0014953240
  -0.0015768959
  -0.0013810670
  -0.0019732621
  -0.0016272120
  -0.0018216190
  -0.0019009000
  -0.0014277070
  -0.0028591040
  -0.0010782160
  -0.0018483259
  -0.0020780680
  -0.0021376959
  -0.0017482680
  -0.0022279040
  -0.0021022491
  -0.0020406891
  -0.0015097470
  -0.0014004940
  -0.0016939780
  -0.0017767570
  -0.0020160871
  -0.0014573550
  -0.0019489540
  -0.0016986420
  -0.0028488431
  -0.0018890940
  -0.0014941430
  -0.0013150170
  -0.0012260490
  -0.0013040230
  -0.0016514440
  -0.0012954790
  -0.0031930481
  -0.0012251911
  -0.0018868520
  -0.0013061190
  -0.0017208550
  -0.0016597590
  -0.0017532620
  -0.0024268080
  -0.0015819280
  -0.0019640590
  -0.0026938450
  -0.0013839171
  -0.0015577000
  -0.0012295250
  -0.0012289690
  -0.0015007830
  -0.0015673810
  -0.0015507160
  -0.0019924471
  -0.0025906919
  -0.0028276020
  -0.0014533690
  -0.0026009050
  -0.0043788338
  -0.0014209030
  -0.0013470480
  -0.0017418700
  -0.0024159900
  -0.0014673050
  -0.0019333340
  -0.0016139530
  -0.0017320300
  -0.0015950440
  -0.0011716729
  -0.0019959109
  -0.0010260730
  -0.0010461030
  -0.0012535140
  -0.0010384620
  -0.0018963480
  -0.0016568530
  -0.0013993389
  -0.0024901920
  -0.0022739761
  -0.0011362800
  -0.0012037701
  -0.0019399479
  -0.0012567150
  -0.0014806300
  -0.0016480261
  -0.0015492270
  -0.0021683150
  -0.0016917420
  -0.0031116600
  -0.0025206921
  -0.0012073920
  -0.0013067320
  -0.0019218670
  -0.0016049450
  -0.0013493680
 -0.00084567611
  -0.0015658850
  -0.0021269631
  -0.0026053560
  -0.0013296300
  -0.0026970799
  -0.0014935411
  -0.0024024481
  -0.0023413470
  -0.0019218270
  -0.0015371940
  -0.0011267150
  -0.0023375910
  -0.0012549390
  -0.0014187070
  -0.0016835911
  -0.0020085149
  -0.0017961720
  -0.0019108760
  -0.0011462310
  -0.0014805830
  -0.0018818820
  -0.0018904330
  -0.0017892499
  -0.0012998470
  -0.0014747750
  -0.0027023850
  -0.0014011550
  -0.0012235100
  -0.0019045090
  -0.0017762250
  -0.0026854000
  -0.0029528590
  -0.0015284970
  -0.0030980830
  -0.0015731780
  -0.0012240550
  -0.0016187310
  -0.0011228410
  -0.0018355330
  -0.0020489399
  -0.0014062390
  -0.0021395690
  -0.0022360571
  -0.0013710730
  -0.0022223019
  -0.0010488320
  -0.0018218560
 -0.00082170480
  -0.0015735030
  -0.0025222099
  -0.0011642760
 -0.00082934572
 -0.00085520669
  -0.0014894020
  -0.0029497279
  -0.0013282900
  -0.0013814830
  -0.0015208350
  -0.0023670129
  -0.0020622560
  -0.0013064650
