;;+& 20110101_010101 &-;;
float         672
      6.5442739
      6.3945642
      6.4023080
      6.3195682
      6.4896469
      6.9715300
      7.2040100
      7.3795438
      6.3134761
      6.6149011
      6.5295911
      6.3355269
      6.4996691
      6.3631701
      6.3340111
      6.4350410
      6.6743889
      6.6797390
      6.8060179
      7.1310000
      7.2618771
      7.3683200
      7.3983350
      6.5815210
      6.4607291
      6.5764098
      6.5495610
      6.3649049
      6.4047332
      6.5328932
      6.3196731
      7.0904088
      6.5179281
      6.6226668
      6.3507328
      6.5162868
      7.0311422
      6.6271811
      6.7015491
      6.4043980
      6.4370999
      7.0062361
      6.4264808
      6.7805691
      6.5534811
      6.7427678
      6.3535862
      6.6103339
      7.5923848
      6.6890302
      6.6530581
      6.3302288
      6.5268631
      7.0824442
      6.7422771
      6.4341521
      7.0178571
      6.2858119
      6.6698842
      5.8516178
      5.9543819
      5.8981462
      6.5936031
      6.5064731
      6.3440442
      6.7739859
      6.1640282
      7.5171309
      7.0495858
      7.1288772
      7.0201879
      6.3328629
      6.1035180
      6.7355890
      6.3988910
      6.4409351
      6.2167001
      6.7003160
      6.4087362
      5.9900732
      6.2526941
      7.3659139
      6.4293242
      6.4855180
      7.1522660
      7.1103892
      6.9553919
      6.7183242
      6.2025909
      6.9357562
      6.1687522
      5.9649272
      6.2124581
      6.2557559
      6.2238698
      7.0165200
      6.7191501
      6.3203111
      6.9561229
      6.6239090
      7.0761232
      6.4891129
      6.7182388
      7.0548210
      7.2656498
      6.9509821
      6.4857898
      7.4455619
      6.4794989
      7.0809932
      6.2436228
      7.3882599
      6.5435638
      6.1258621
      7.1491332
      6.7146459
      6.8716478
      6.5378771
      6.7186570
      7.2140422
      6.6221032
      6.4881101
      6.5665231
      6.3280549
      6.6857591
      6.0994930
      6.3048220
      8.0451946
      6.2984581
      6.6324701
      6.8340678
      7.1068678
      7.0151811
      6.5748010
      6.6275978
      6.4323649
      6.5606818
      6.4318328
      7.3926811
      6.7113829
      6.6760502
      6.8940768
      6.5680609
      6.6049309
      7.0963020
      6.5319948
      6.3811240
      6.9983549
      6.7223778
      6.7796168
      7.6580071
      6.9368091
      6.3218470
      6.7715082
      6.7413778
      7.0972319
      6.5654888
      6.4756331
      6.9981160
      6.2607198
      6.4889989
      6.5027418
      6.7284398
      6.7002120
      6.2826452
      6.6546669
      6.9393921
      6.4043579
      6.5205302
      6.7543898
      6.8581371
      6.6764460
      6.4003639
      6.9607849
      6.9931622
      6.6209321
      6.4071269
      7.1085520
      6.7514839
      6.5849910
      6.5246568
      6.6560659
      6.4363890
      6.6560159
      6.3397388
      6.3763590
      6.6268559
      6.4334111
      6.6023812
      6.7856688
      6.6115260
      6.4504132
      6.4619112
      6.3689280
      6.0642118
      6.6593280
      6.9757299
      6.5607872
      6.6903572
      6.4653702
      6.2061138
      7.3181129
      6.5112290
      6.7304988
      6.1022110
      5.9784722
      6.1357999
      6.2740960
      7.6616039
      7.1871219
      6.2325239
      6.7979708
      6.4933891
      6.3345022
      6.1835508
      7.0283098
      6.5845819
      6.3318911
      6.3416100
      6.3796520
      6.2913518
      6.3958921
      7.5308628
      6.3556142
      6.1504531
      6.1698499
      6.2132311
      6.2859159
      6.4912968
      6.4678459
      6.5426331
      6.5505862
      7.2236581
      6.9177589
      6.5242600
      6.5071321
      6.8868032
      6.5648942
      6.5293822
      6.7578702
      6.2035542
      6.0384402
      5.9785252
      6.8587022
      6.5731602
      6.5228701
      6.5940719
      6.6525140
      6.3377218
      6.4211111
      6.3512969
      6.7801828
      6.8876710
      6.1576519
      6.8187141
      6.7336779
      6.2988129
      6.4221029
      6.0709839
      6.0777659
      6.3036728
      6.6016178
      6.5742359
      6.7043819
      6.4310598
      6.8379040
      6.2995968
      6.8420210
      6.0519838
      6.4495249
      7.0691919
      6.4319792
      6.5311899
      5.9462409
      5.8249578
      5.9166541
      6.6014709
      6.4740949
      6.6059132
      7.1081638
      6.5309191
      6.8558788
      6.2957201
      7.1822929
      6.7802238
      6.5748320
      6.2277989
      6.4731150
      6.4343619
      6.3774991
      7.2398872
      7.0017419
      7.1543360
      6.9472709
      6.7542009
      6.7208529
      6.0385442
      6.8979211
      6.3419118
      6.3579650
      6.3757939
      7.4589272
      6.5695438
      6.5622392
      7.5754580
      5.9032769
      6.0926061
      5.9513202
      5.8893461
      5.8896489
      5.9419770
      5.9109168
      6.0136080
      6.1785550
      6.2716408
      6.4472260
      6.3275542
      6.2914448
      7.1034818
      7.1722598
      7.0443721
      6.5245948
      7.0233660
      6.3207922
      6.0549731
      6.0618501
      6.3564820
      6.4563928
      6.3406372
      7.2996049
      6.3979821
      6.5855331
      6.2560072
      6.2975278
      6.3581648
      7.2015858
      6.2811399
      6.6422830
      6.5780101
      6.3116150
      6.4376631
      7.2773638
      7.0068302
      6.4827070
      6.0288458
      6.2349792
      7.0764461
      6.3881469
      6.3442540
      6.6241932
      7.1132641
      6.5483398
      6.3949718
      6.5467510
      6.3116150
      7.0261750
      7.0055141
      6.6273909
      7.3237352
      7.2314949
      6.5663261
      6.3674750
      6.5562830
      6.6451888
      6.5287971
      7.1598969
      7.0549488
      7.0991650
      6.1674981
      6.2320528
      6.4903879
      6.9602089
      7.0918899
      7.0181799
      6.9952092
      6.5250020
      6.2362852
      6.3727851
      6.4555969
      6.8688488
      7.0901151
      6.4329710
      6.1145749
      6.2441139
      5.8952932
      6.2910061
      6.7217412
      6.4393559
      6.8560152
      6.9036708
      6.5251179
      6.4573860
      6.7851992
      6.6682310
      6.7385969
      7.8387780
      7.4101639
      6.1687908
      6.6171699
      6.6285610
      6.4211311
      6.5932980
      6.4676681
      6.3134441
      6.4214549
      6.3231850
      6.4844942
      6.4880891
      6.3068490
      6.4942670
      6.8893528
      6.0881100
      6.5439701
      6.4673662
      6.1125779
      6.7138720
      6.5165682
      5.8995981
      6.0849042
      5.9058061
      5.9867282
      6.0079951
      5.9900718
      7.4446740
      6.8345699
      6.9314489
      7.5082579
      7.3864818
      6.7760868
      6.8436732
      6.4321880
      6.3003712
      6.1559181
      6.8718700
      6.6772099
      6.1835608
      6.8959699
      6.7358599
      6.1980038
      6.1872611
      6.2493081
      7.5854592
      6.6659021
      7.3089161
      6.3002772
      6.4822688
      6.4568110
      7.6311498
      7.0145140
      6.6141701
      6.5870090
      7.4633698
      7.1211219
      7.6970000
      7.4116998
      7.2300720
      6.7151041
      6.9081111
      6.6411109
      6.6385422
      6.7147188
      6.6037931
      6.3843122
      6.4916019
      6.6515741
      6.7753649
      6.2932529
      6.7971129
      7.1251140
      7.3343010
      7.0200820
      6.9715381
      6.3070168
      6.3802681
      6.3444839
      6.3666511
      6.2359929
      6.1648021
      6.8923941
      7.0086179
      6.5806751
      6.5600028
      6.4580970
      6.5204568
      6.6120582
      7.0709271
      6.5625310
      7.0452170
      7.2009048
      6.7997770
      7.4041228
      6.8714070
      6.5188890
      6.5149488
      5.9929051
      6.4355421
      6.7755728
      6.7718630
      6.9285011
      6.8641548
      6.8508830
      6.4942760
      6.9364982
      6.8593688
      7.1246562
      6.3304071
      6.6707101
      6.8068962
      6.8011479
      7.2409739
      6.6788092
      6.4183502
      6.5701709
      6.4430780
      6.4530778
      6.4481769
      6.6544881
      6.7291598
      6.9387221
      6.8151832
      6.0891790
      6.4280801
      6.5170588
      5.9642062
      6.5256810
      6.6731749
      6.2007098
      6.2309651
      6.3097758
      6.9602218
      6.4924269
      7.0047522
      6.3444729
      6.3025751
      6.5263820
      6.3870502
      6.6044512
      6.4831161
      6.2682748
      7.0193839
      7.1789799
      6.9713521
      6.4020691
      6.4442382
      6.3527608
      7.0604558
      6.1900191
      6.3183250
      6.9149070
      7.1125751
      6.3958092
      6.8513522
      6.3839359
      7.4121499
      6.2189889
      6.1731000
      7.2986121
      6.5798602
      7.4590549
      6.3083138
      6.5858479
      7.4452081
      6.6663208
      6.7156372
      7.3053722
      7.2968650
      6.3589692
      6.6989160
      6.3248458
      6.5912199
      6.3305521
      6.6222582
      7.0215249
      7.8085232
      6.3377318
      6.2873478
      6.6315799
      6.2795100
      6.4350309
      7.4667969
      6.6626301
      7.1915088
      7.3451171
      6.9177570
      6.3347111
      7.4045219
      6.5690942
      6.4222379
      6.2920618
      6.5546842
      6.6522741
      7.6599612
      6.4096360
      6.3565860
      6.7729301
      6.8959050
      6.8994060
      7.0949631
      6.5498018
      7.2008309
      7.3448348
      6.7519450
      6.4757051
      6.5513291
      6.5874472
      6.6104078
      6.5433221
      7.2794971
      6.3872061
      6.5702648
      6.4589200
      7.0082631
      6.0902338
      6.8273568
      6.9053831
      6.8800921
      6.6950068
      6.7765760
      6.6072922
      6.4198451
      6.6624222
      6.6257901
      6.8951521
      6.7638149
      7.1173501
      6.3144789
      6.3510251
      6.7237368
      7.2843990
      6.4158001
      6.3493118
      6.5965400
      6.7070780
      6.5588851
      6.8250480
      6.5751681
      6.4123530
      6.2289701
      7.0137191
      6.4954472
      6.5555820
      6.5397182
      6.4848819
      6.7634811
      6.5552778
      6.5173001
      6.4213810
      6.9197531
      6.8398271
      6.8426380
      6.1637878
      6.7195902
      7.3305488
      6.0054350
      7.3901520
      6.2349691
      7.1406469
      7.4651480
      7.0204821
      6.1806660
      6.3242621
      6.4962931
      6.4937019
      6.4881520
      6.1835699
      6.3025131
      6.8248200
      6.3933620
      7.0568089
      6.4276419
      6.8432751
      6.9719791
